var cor_kendall_para_first = [[0,0,0,-0.299435028248588,0,0.243445692883895,-0.271630800482448,0,0,0,-0.183012759474386,-0.204976829810195,0,0.31213102266235,0,0,0.246619691487336,0,0,0,0,0,0,0,0,0,-0.176537802323367,0,0,0,0,0.186186758077826,-0.180981400368184,-0.176156922490954,0.165492287183394,0,0,0,-0.332063733891957,0,0,-0.163841807909605,-0.269345521487971,0,-0.186313718021964,-0.304513426014093,0.201802831206754,0,0,-0.193804354726084,0,0,0,0,0,0,0,0.23036881863772,0.261600964895575,0,0,0,0.190884276010919,0.194439154446772,0,0,0,-0.22503650098394,0,0.227067860090142,-0.164857487462706,0,0,0,0.195962673776424,0,0.163333968133054,-0.284072875007935,0,0,0,0,0,-0.303751666349267,0,0,0.209039548022599,0,0,0,0,-0.185424998413001,0,-0.215895385006031,0.199517552212277,0,0.282422395734146,-0.267441122325906,0,0.192534755284708,0.277343997968641,0,0,0.180346600647496,0],[0,0,-0.193931314670222,0,0,0.219323303497746,0,0,0,0,0,0,0,0,0,-0.197105313273662,0,0,0,0,-0.193296514949533,-0.203961150257094,-0.195708753888148,-0.204468990033644,0,-0.236843775788739,-0.415984256966927,0,0,-0.197867072938488,0,-0.23785945534184,-0.183520599250936,0,0.274677839141751,0,0,0,0,0,0.181870119977147,0,0.197867072938488,0.202691550815718,0,-0.174506443217165,0.192915635117121,0,0,0,0,0,0,0,0,0,0,0,0,0,-0.185805878245414,0,0,0,0,0.211959626737764,0.208277788357773,0,0,0.16942804545166,0.177934361708881,0,0,0,0,0,0,0,0.203580270424681,0,0.167650606233733,0,0,0,0,0,0,0,0,0,0,-0.171205484669587,0,0,0,0,0.2357011362915,0,0,0.27099600076176,0,0,0,0,0.199390592268139],[0,-0.193931314670222,0,0,0,-0.371802196407034,0,0,0,0,0.53659620389767,0.194185234558497,0,-0.33460293277471,-0.194946994223323,0.64616263568844,0,0.492541103281915,0.493937662667429,0.180600520535771,0.472735351996445,0.463594236018536,0.537357963562496,0.818066400050784,0.436043928140672,0.338538691042976,0.242176093442519,0.535961404176982,-0.180854440424046,0.534945724623881,0.244207452548721,0,0.248143210816987,0,-0.23087665841427,0,0,-0.37624579445185,0.433250809369644,0,-0.33993525042849,0.649717514124294,-0.188598997016441,0,0.162826128356504,0.451152161493049,-0.321526058528534,-0.197105313273662,-0.219323303497746,0,0.333206373389196,0,0,0,-0.228464419475655,0,0,0,-0.310480543388561,0,0,0,0,0,0,-0.246365771599061,-0.194439154446772,0,0,-0.403415222497302,0,0,0,0,0,0.195708753888148,-0.439217926744112,-0.180981400368184,-0.174506443217165,0,-0.192153875452295,0,0,0,0,0,-0.244461372436996,0,0,0,0,0.299815908081001,0,0,0,0,-0.266298482828668,-0.211324827017076,0,-0.262743604392814,0,0,0.3885609090332,-0.274423919253476,-0.25868088618041],[-0.299435028248588,0,0,0,0,0,0.841680949660382,0,0,-0.201802831206754,0,0,-0.23087665841427,-0.24585793182251,0,0,-0.191265155843331,0,0,0,-0.182504919697835,-0.235320256459087,0,0,0,-0.300450707801689,0,0,0,-0.191646035675744,0,-0.376372754395988,0,0.262235764616264,0,0,0,0,0,0,0,0,0,0,0,0,0,0,0,0,0,0,0,0,0,0.170189805116486,0,0,0,0,0,0,0,0,0,0,0,0,0,0,0,0,0,0,0,0,0,0,0,0,0,0,0,0.510696375293595,0,0,0,0.183520599250936,0,0,0,0,0,0,-0.165492287183394,0,0,0,0,0,-0.177045642099917,0,-0.173998603440615,0.183266679362661,0],[0,0,0,0,0,0,0,-0.195200914111598,0,-0.189995556401955,0,0.178442201485431,0,-0.200279311877103,0,0,0,0.20256459087158,0.182377959753698,0,0,0,0,0,0,0,0,0,0,0,0,0,0,0,0,0,0,0,0.182885799530248,0,0,0,0,0,0,0,0,0,-0.194693074335047,0,0,0,0,0,0,0,0,-0.253094648638355,-0.230241858693582,0,-0.184028439027487,0.196216593664699,-0.350472925791913,0,0,0,0,0,0,0,0,-0.296768869421698,0,-0.393258426966292,-0.335745572271948,0,0,0,0,0,0,0,0,0,0,0,-0.180727480479909,0,0,0,0,0,0,0,0,0,0,0,0,0,0,0,0.161556528915127,0,-0.179711800926808],[0.243445692883895,0.219323303497746,-0.371802196407034,0,0,0,0,0,0,0,-0.254491208023868,0,0,0.1972322732178,0.209674347743287,-0.315305021265791,0,-0.204342030089507,-0.206500349139846,0,-0.234050657017711,-0.200787151653653,-0.248397130705263,-0.294991430203771,-0.210816987240526,-0.165111407350981,-0.342728369199518,-0.285088554561036,0,-0.240144734336317,0,0,0,0,0.704691169935885,0,0,0.238875134894941,-0.224274741319114,0,0.21754586427982,-0.331301974227131,0,0,-0.22503650098394,-0.402653462832476,0.205992509363296,0,0,0,-0.191772995619882,0,0,0,0,0,0,0,0,0,0,0,0,0,0,0.236716815844601,0,-0.184028439027487,0,0.224909541039802,0,0,0,0,0,0,0.299815908081001,0,0,0,0.198501872659176,0,0,0,0,0,0,0,0,0,0,0,0,0,0,0,0.524535009204596,0,0,0.771852980384689,0,0,0,0.19240779534057,0.165238367295118],[-0.271630800482448,0,0,0.841680949660382,0,0,0,0,0,-0.219450263441884,0,0,-0.230241858693582,-0.251825049196978,-0.210690027296388,0,-0.166000126959944,0,0,0,0,-0.188472037072304,0,0,0,-0.261220085063163,0,0,0,0,0,-0.334095092998159,0,0.272519520091411,0,-0.16460356757443,0,0,0,0,0,0,0,0,0,0,0,0,0,0,0,0,0,0.187329397575065,0,0.208150828413636,0,0,0,0,0,-0.183647559195074,0,0,0,0,0,0,0,0,0,0,0,0,0,0,0,0,0,0,-0.18707547768679,0,0,0.485177426521932,0,0,0,0,0,0,0,0,0,0,0,0,0,0,0,0,0,0,-0.166507966736495,0.177807401764743,0],[0,0,0,0,-0.195200914111598,0,0,0,0,0.172855963943376,0,-0.346664127467784,0,0.255506887576969,0,0,0,-0.239256014727354,-0.258934806068685,0,-0.184155398971624,0,-0.192661715228845,0,0,0,0,-0.171713324446137,0,0,0,0,0,0,0,0,0,0,-0.21805370405637,0,0,-0.181870119977147,0,-0.169808925284073,0,0,0,0,0,0,-0.215514505173618,0,0,0,0,0,0,0.199644512156415,0.318225099980956,0,0.294356630483083,0,0.219323303497746,0,0,0,0,0,0,0,0,0.206246429251571,0,0.197105313273662,0.216276264838444,0,0,0,0,0,0,0,0,0,0,0,0.273281279756237,0,-0.262997524281089,0,0,-0.183139719418523,0,0,0,0,0,0,0,0,0,0,-0.162699168412366,0,0],[0,0,0,0,0,0,0,0,0,0,0,0,0,0,0.226560020313591,0,0,0,0,0,0,0,0,-0.162572208468228,0,0,0,0,0,0,0,0,0,0,0,0.178950041261982,0,0,0,0,0,0,0,0,0,0,0,0,0,0,0,0,0,0,0,0,0,0,0,0,0,0,-0.167396686345458,0,0,0,0,0,0.193169555005396,0,0,-0.195454833999873,0,-0.169047165619247,0,0,0,0,0,0,0.172221164222688,0,0,0,0,0,0,0,0,0,0,0,0,0,0,0,0,0,0,0,0,0,0,0,0],[0,0,0,-0.201802831206754,-0.189995556401955,0,-0.219450263441884,0.172855963943376,0,0,0,0,0,0,0,0,0,0,0,0,0,0,0,0,0,0,0,0,0,0,0,0,-0.250428489811465,0,0,0,0,0,0,0,0,0,0,0,0,0,0,0,0,0,0,0,0,-0.336888211769187,0,-0.333079413445058,0,0.163460928077192,0.265536723163842,0,0.163968767853742,0,0.195835713832286,0,0,-0.196470513552974,0,0,0,0,0,0,0,0.16676188662477,0.21056306735225,0,0,0,0,0,0,0,0,0,0,0,0,0,0,0,0,-0.257919126515584,0,0,0,0,0.188598997016441,0,0,0,0,0,0,-0.176791722211642,0],[-0.183012759474386,0,0.53659620389767,0,0,-0.254491208023868,0,0,0,0,0,0.179203961150257,0,-0.349838126071225,0,0.404430902050403,0,0.312004062718212,0.323049577858186,0,0.31479718148924,0.266552402716943,0.333714213165746,0.561353393004507,0.778581857423983,0.199136672379864,0.198501872659176,0.339427410651939,-0.220973782771536,0.322668698025773,0,0,0.177299561988193,0,0,0,0,-0.250047609979052,0.381451152161493,0,-0.219069383609471,0.434139528978607,0,0,0,0.410778899257284,-0.228845299308068,0,-0.281533676125183,0,0.27632831841554,0,0,0,-0.190884276010919,0,0,0,-0.224147781374976,0,0,0,0,0,0,-0.272011680314861,-0.2741699993652,0,0,-0.313527582047864,0,0,0,0,0,0.229480099028756,-0.385132990541484,0,0,0,0,0,0,0,0,0,-0.171078524725449,0,0,0,0,0.235828096235638,0,0,0,0,0,0,0,0,0,0,0.314162381768552,-0.31428934171269,0],[-0.204976829810195,0,0.194185234558497,0,0.178442201485431,0,0,-0.346664127467784,0,0,0.179203961150257,0,0,-0.269218561543833,0,0.238494255062528,0,0.418523455849679,0.444296324509617,0.219069383609471,0.399987304005586,0.258553926236272,0.364565479591189,0.211070907128801,0,0.272392560147274,0,0.382720751602869,-0.186567637910239,0.288770392941027,0,0,0.186313718021964,0,0,0,0,0,0.323684377578874,0,0,0.279883196851393,0.251063289532153,0.223893861486701,0,0.184155398971624,0,-0.275693518694852,0,0.236208976068051,0.408493620262807,-0.199263632324002,0,0,0,0,0,-0.234431536850124,-0.42436361328001,0,-0.218688503777058,0.205484669586745,-0.299815908081001,0,0,0,0,0,0,0,0,-0.288008633276201,0,-0.290293912270679,-0.325461816796801,0,-0.201675871262617,0,0,0,0,0,0,0,0,0,-0.270234241096934,0,0.176410842379229,0,0,0.239509934615629,0,0.173744683552339,0,0,-0.179838760870945,0,0,0,0,0,0.333079413445058,-0.228845299308068,-0.173744683552339],[0,0,0,-0.23087665841427,0,0,-0.230241858693582,0,0,0,0,0,0,0,0,0,0,0,0,0,0,0,0,0,0,0,0,0,0,0,0,0.186948517742652,0,0,0,0,0,0,0,0,0,0,0,0,0,0,0,0,0,0,0,0,0,0,0,0,0,0,0,0,0,0,0,0,0,0,0,0,0,0,0,0,0,0,0,0,0,0,0,0,0,0,0,0,-0.181616200088872,0,0,-0.16142956897099,-0.184790198692313,0,0,0,0,0,0,0,0,0,0,0,0,0,0,0,0],[0.31213102266235,0,-0.33460293277471,-0.24585793182251,-0.200279311877103,0.1972322732178,-0.251825049196978,0.255506887576969,0,0,-0.349838126071225,-0.269218561543833,0,0,0,-0.234685456738399,0,-0.289278232717578,-0.319875579254745,0,-0.274550879197613,0,-0.251825049196978,-0.369009077636006,-0.244461372436996,0,0,-0.282422395734146,0,-0.178569161429569,0,0.318732939757507,-0.266806322605218,0,0,0,0,0,-0.368374277915318,0,0,-0.280391036627944,0,0,-0.294991430203771,-0.263378404113502,0,0,0.22554434076049,0,-0.327493175903003,0,0,0,0,0,0,0.294864470259633,0.48530438646607,0,0.277090078080366,0,0.322668698025773,0,0,0.222624262045325,0,-0.236716815844601,0,0.208023868469498,0.188345077128166,0.309083984003047,0,0.250174569923189,0.307179584840983,-0.214371865676379,0.38805306925665,0,0.259188725956961,0,0.255760807465245,0,0,-0.217926744112233,0,0,0.233669777185298,0,0,-0.178061321653018,0,-0.327366215958865,0,0,0,0,0,0,0,0,0.165111407350981,0,-0.261220085063163,0.191011235955056,0.269726401320383],[0,0,-0.194946994223323,0,0,0.209674347743287,-0.210690027296388,0,0.226560020313591,0,0,0,0,0,0,0,0,0,0,0,0,0,0,0,0,0,0,0,0,0,0,0,-0.162953088300641,0,0.221354662603948,0.509299815908081,0,0.172475084110963,0,0,0,0,0,0,0,0,0,0,0,0,0,0,0,0,0.177045642099917,0,-0.185678918301276,0,0,0,0,0,-0.171967244334413,0,0,0,0,0,0.177934361708881,0,0,-0.174125563384752,0,-0.185551958357138,0,0,0.228083539643243,0,0.378023233669777,0,0.48581222624262,0,0,0,0,0,0,0.293087031041706,0.185678918301276,0,0.190122516346093,0,0,0,0,0,0.175522122770266,0,0,0.210309147463975,0,0,0,0,0.387291309591824],[0,-0.197105313273662,0.64616263568844,0,0,-0.315305021265791,0,0,0,0,0.404430902050403,0.238494255062528,0,-0.234685456738399,0,0,0,0.567320510378975,0.572018028312068,0.261220085063163,0.543705960769377,0.575699866692059,0.635244080492605,0.674728623119406,0.333841173109884,0.417126896464166,0.233923697073573,0.634101440995366,0,0.647559195073954,0.320002539198883,0,0.221354662603948,-0.229099219196344,-0.182504919697835,0,0,-0.396432425569733,0.517933092109439,0,-0.407350980765569,0.768425061892973,0,0,0.193169555005396,0.392877547133879,-0.342474449311242,-0.181489240144734,-0.222243382212912,0,0.329016695232654,0,0,0,0,0,0,0,-0.298419348695487,0,0,0,0,0,0,-0.294991430203771,-0.228591379419793,0.17476036310544,-0.208912588078461,-0.422078334285533,0,0,0,0,0,0,-0.443661524788929,0,-0.200025391988828,0,-0.172729003999238,0,0,0,0,0,-0.234431536850124,0,0,0,0,0.261093125119025,0,0,0,0,-0.193042595061258,-0.169555005395798,0,-0.219196343553609,0,0,0.44150320573859,-0.375610994731162,-0.244334412492859],[0.246619691487336,0,0,-0.191265155843331,0,0,-0.166000126959944,0,0,0,0,0,0,0,0,0,0,0,0,0,0,0,0,0.16193740874754,0,0,0,0,0,0,0,0,0,0,0,0,0,0,0,0,0,0,-0.397828984955247,0,0,0,0,0,0,-0.216403224782581,0,0,0,0,0,0,0,0,0,0,0,0,0.223639941598426,0,0,0,0,0,0,0,0,0.22554434076049,0,0.19507395416746,0.245730971878372,0,0,-0.489494064622612,0,0,0,0,0,-0.1844093188599,0,0,0,0,0,0,0,0,0,0,0,0,0,-0.445946803783406,0,0,0.336507331936774,0,0,0,0],[0,0,0.492541103281915,0,0.20256459087158,-0.204342030089507,0,-0.239256014727354,0,0,0.312004062718212,0.418523455849679,0,-0.289278232717578,0,0.567320510378975,0,0,0.904653081952644,0.338665650987114,0.725258680886181,0.66381006792357,0.808163524408049,0.526947248143211,0.213483146067416,0.562369072557608,0,0.728813559322034,-0.189360756681267,0.712562686472418,0,0,0.37091347679807,0,0,0,0,-0.33244461372437,0.570240589094141,0,-0.265917602996255,0.547006919316956,0,0,0,0.264140163778328,-0.164476607630293,-0.300577667745826,-0.269218561543833,0,0.5029518187012,0,0,0,0,0,0,-0.219196343553609,-0.422586174062083,0,0,0.180600520535771,-0.214498825620517,0,0,-0.258426966292135,-0.224020821430839,0,-0.176156922490954,-0.263124484225227,0,-0.18974163651368,0,-0.215133625341205,-0.216784104614994,0.202945470703993,-0.403288262553165,0,-0.275947438583127,0,-0.216911064559132,0,0,0,0,0,-0.294356630483083,0,0,0,0,0.428934171268965,0,0,0,0,-0.224528661207389,0,0,0,0,0,0.482892147527455,-0.335491652383673,-0.381958991938044],[0,0,0.493937662667429,0,0.182377959753698,-0.206500349139846,0,-0.258934806068685,0,0,0.323049577858186,0.444296324509617,0,-0.319875579254745,0,0.572018028312068,0,0.904653081952644,0,0.33193677394782,0.720815082841364,0.635244080492605,0.801688567257031,0.53875452294801,0.216911064559132,0.537357963562496,0,0.738081635244081,-0.186948517742652,0.704056370215197,0,0,0.360629721322923,0,0,0,0,-0.328762775344379,0.573414587697581,0,-0.238875134894941,0.565416111216911,0,0,0.168412365898559,0.272646480035549,-0.162318288579953,-0.290293912270679,-0.271376880594173,0,0.513235574176347,0,0,0,0,0,0,-0.22770265981083,-0.445312004062718,0,0,0.206627309083984,-0.234685456738399,0,0,-0.256776487018346,-0.20256459087158,0,-0.181362280200597,-0.272138640258998,0,-0.209420427855012,0,-0.225671300704628,-0.237224655621152,0.198501872659176,-0.417634736240716,0,-0.257792166571447,0,-0.193423474893671,0,0,0,0,0,-0.301085507522377,0,0,0,0,0.424744493112423,0,0,0,0,-0.208404748301911,0,0,0,0,0,0.510188535517044,-0.344505808417444,-0.348314606741573],[0,0,0.180600520535771,0,0,0,0,0,0,0,0,0.219069383609471,0,0,0,0.261220085063163,0,0.338665650987114,0.33193677394782,0,0.300323747857551,0.29930806830445,0.313146702215451,0.203072430648131,0,0.280644956516219,0,0.296261029645147,0,0.32012949914302,0,0,0,0,0,0,0,-0.22821049958738,0.250428489811465,0,0,0.271630800482448,0,0.177807401764743,0,0,0,-0.173998603440615,0,0,0.232654097632197,0,0,0,0,0,0,0,-0.193423474893671,0,0,0,0,0,0,0,0,0,0,0,0,0,0,0,0,0,0,0,0,0,0,0,0,0,0,0,-0.190884276010919,0,0,0,0,0,0,0,0,0,0,0,0,0,0,0,0.232654097632197,0,0],[0,-0.193296514949533,0.472735351996445,-0.182504919697835,0,-0.234050657017711,0,-0.184155398971624,0,0,0.31479718148924,0.399987304005586,0,-0.274550879197613,0,0.543705960769377,0,0.725258680886181,0.720815082841364,0.300323747857551,0,0.594489938424427,0.720307243064813,0.514251253729448,0.244207452548721,0.694407414460738,0,0.710531327366216,0,0.684377578873865,0,0.197994032882626,0.372183076239447,0,0,0,0,-0.300450707801689,0.545610359931442,0,-0.222751221989462,0.491906303561226,0,0,0,0.261093125119025,0,-0.277470957912779,-0.196597473497112,0,0.478575509426776,0,-0.169935885228211,0,0,0,0,-0.177807401764743,-0.384752110709071,0,0,0.177045642099917,-0.16193740874754,0,0,-0.293467910874119,-0.206500349139846,0,-0.179965720815083,-0.24103345394528,0,0,0,-0.189995556401955,-0.170316765060623,0.177807401764743,-0.413952897860725,0,-0.318605979813369,0,-0.250174569923189,0,0,0,0,0,-0.237224655621152,0,0,0,-0.166254046848219,0.409636259760046,0,0,0.172475084110963,0,-0.233161937408748,0,0,0,0,0,0.478067669650225,-0.370278677077382,-0.395670665904907],[0,-0.203961150257094,0.463594236018536,-0.235320256459087,0,-0.200787151653653,-0.188472037072304,0,0,0,0.266552402716943,0.258553926236272,0,0,0,0.575699866692059,0,0.66381006792357,0.635244080492605,0.29930806830445,0.594489938424427,0,0.751539389322669,0.471592712499207,0.231003618358408,0.642607757252587,0.17476036310544,0.661778708817368,0,0.80118072748048,0.174506443217165,0.312257982606488,0.310988383165111,0,0,0,0,-0.308576144226497,0.48797054529296,0,-0.373833555513236,0.497492541103282,0,0,0,0.235955056179775,-0.239129054783216,-0.257157366850759,-0.208023868469498,0,0.346029327747096,0,-0.231130578302546,0,0,0,0,0,-0.19456611439091,0,0,0,0,0,0,-0.260712245286612,-0.258807846124548,0,-0.195708753888148,-0.282930235510696,0,0,0,0,0,0.168666285786834,-0.315431981209928,0,0,0,0,0,0,-0.217291944391545,0,0,-0.211832666793627,0,0,-0.23785945534184,0,0.334983812607123,0,0,0,0,-0.197867072938488,0,0,0,0,0,0.372436996127722,-0.343363168920206,-0.262870564336952],[0,-0.195708753888148,0.537357963562496,0,0,-0.248397130705263,0,-0.192661715228845,0,0,0.333714213165746,0.364565479591189,0,-0.251825049196978,0,0.635244080492605,0,0.808163524408049,0.801688567257031,0.313146702215451,0.720307243064813,0.751539389322669,0,0.568463149876214,0.259823525677649,0.585602742334793,0,0.778962737256396,0,0.820859518821812,0.163460928077192,0.173490763664064,0.375357074842887,0,0,0,0,-0.362534120484987,0.587126261664445,0,-0.315812861042341,0.574303307306545,0,0,0,0.280010156795531,-0.231638418079096,-0.268202881990732,-0.246238811654923,0,0.477432869929537,0,-0.178188281597156,0,0,0,0,0,-0.368628197803593,0,0,0,0,0,0,-0.288516473052752,-0.23354281724116,0,-0.211070907128801,-0.318859899701644,0,0,0,0,0,0.206881228972259,-0.413064178251762,0,-0.266933282549356,0,-0.218561543832921,0,0,0,0,0,-0.273916079476925,0,0,0,0,0.420427855011744,0,0,0,0,-0.244969212213547,0,0,0,0,0,0.448232082777884,-0.38107027232908,-0.348314606741573],[0,-0.204468990033644,0.818066400050784,0,0,-0.294991430203771,0,0,-0.162572208468228,0,0.561353393004507,0.211070907128801,0,-0.369009077636006,0,0.674728623119406,0.16193740874754,0.526947248143211,0.53875452294801,0.203072430648131,0.514251253729448,0.471592712499207,0.568463149876214,0,0.475274550879198,0.357201802831207,0.219704183330159,0.554370596076938,-0.184028439027487,0.562749952390021,0.249412810258364,0,0.272138640258998,0,0,0,0,-0.37840411350219,0.46232463657716,0,-0.34310924903193,0.63333968133054,-0.204976829810195,0,0,0.402272583000064,-0.323938297467149,-0.195708753888148,-0.281914555957595,0,0.349584206182949,0,0,0,-0.185932838189551,0,0,0,-0.319240779534057,0,0,0,0,0,0,-0.293213990985844,-0.254237288135593,0,-0.168285405954421,-0.418523455849679,0,0,0,0,0,0.233161937408748,-0.492414143337777,-0.181362280200597,-0.240398654224592,0,-0.211324827017076,0,0,0,0,0,-0.217926744112233,0,0,0,0,0.326858376182315,0,0,0,0,0,-0.223893861486701,0,-0.186186758077826,0,0,0.435409128419984,-0.318479019869231,-0.296134069701009],[0,0,0.436043928140672,0,0,-0.210816987240526,0,0,0,0,0.778581857423983,0,0,-0.244461372436996,0,0.333841173109884,0,0.213483146067416,0.216911064559132,0,0.244207452548721,0.231003618358408,0.259823525677649,0.475274550879198,0,0.176283882435092,0.260458325398337,0.249793690090776,-0.183139719418523,0.265282803275567,0,0,0.185932838189551,0,0,0,0,-0.203326350536406,0.287754713387926,0,-0.203580270424681,0.297022789309973,0,0,0,0.329524535009205,-0.222497302101187,0,-0.2485240906494,0,0.188725956960579,0,0,0,-0.180219640703358,0,0,0,0,0,0,0,0,0,0,-0.285977274169999,-0.313781501936139,0,0,-0.263759283945915,0,0,0,0,0,0.220085063162572,-0.317590300260268,0,0,0,0,0,0,0,0,0,0,0,0,0,0,0.213229226179141,0,0,0,0,0,0,0,-0.169808925284073,0,0,0.1844093188599,-0.308703104170634,0],[0,-0.236843775788739,0.338538691042976,-0.300450707801689,0,-0.165111407350981,-0.261220085063163,0,0,0,0.199136672379864,0.272392560147274,0,0,0,0.417126896464166,0,0.562369072557608,0.537357963562496,0.280644956516219,0.694407414460738,0.642607757252587,0.585602742334793,0.357201802831207,0.176283882435092,0,0.168793245730972,0.537992763283184,0,0.626356884402971,0,0.423347933726909,0.323049577858186,0,0,0,0,-0.199009712435727,0.428426331492414,0,-0.231765378023234,0.349330286294674,0,0,0,0.176664762267505,0,-0.237986415285977,0,0,0.332698533612645,0,-0.24319177299562,0,0,0,0,0,-0.199771472100552,0,0,0,0,0,0,-0.212086586681902,-0.219069383609471,0,0,-0.173363803719926,0,0,0,0,0,0,-0.236589855900463,0,-0.197105313273662,0,0,0,0,-0.283438075287247,0,0,0,-0.170824604837174,0,-0.185424998413001,0,0.328762775344379,0,0,0.235828096235638,0,-0.212975306290865,0,0,0,0,0,0.352250365009839,-0.312257982606488,-0.286612073890688],[-0.176537802323367,-0.415984256966927,0.242176093442519,0,0,-0.342728369199518,0,0,0,0,0.198501872659176,0,0,0,0,0.233923697073573,0,0,0,0,0,0.17476036310544,0,0.219704183330159,0.260458325398337,0.168793245730972,0,0,0,0,0.173490763664064,0,0,0,-0.398844664508348,0,0,0,0,0,-0.311369262997524,0,-0.189487716625405,0,0,0.467276074398527,-0.333333333333333,0,0,0,0,0,0,0,0,0,0,0,0,0,0.162953088300641,0,0,0,0,-0.211451786961214,-0.223512981654288,0,0,-0.299688948136863,0,0,0,0,0,0,-0.17958484098267,0,0,0,0,0,0,0,0,0,0,0,0,0,0,0,0,0,0,0,-0.234685456738399,0,0,-0.408620580206945,0,0,0,-0.193296514949533,0],[0,0,0.535961404176982,0,0,-0.285088554561036,0,-0.171713324446137,0,0,0.339427410651939,0.382720751602869,0,-0.282422395734146,0,0.634101440995366,0,0.728813559322034,0.738081635244081,0.296261029645147,0.710531327366216,0.661778708817368,0.778962737256396,0.554370596076938,0.249793690090776,0.537992763283184,0,0,0,0.762330984574367,0.185171078524725,0,0.382593791658732,0,0,0,0,-0.354027804227766,0.559829873674856,0,-0.280898876404494,0.599822256078207,0,0,0.186821557798515,0.295626229924459,-0.209420427855012,-0.290420872214816,-0.181870119977147,0,0.507268456801879,0,0,0,0,0,0,0,-0.386275630038723,0,0,0,0,0,0,-0.303878626293404,-0.195835713832286,0,-0.200279311877103,-0.306290865232019,0,0,0,0,-0.171840284390275,0,-0.441376245794452,0,-0.263759283945915,0,-0.224528661207389,0,0,0,0,0,-0.235447216403225,0,0,0,0,0.428680251380689,0,0,0,0,-0.250428489811465,0,0,-0.178823081317844,0,0,0.473751031549546,-0.362407160540849,-0.365200279311877],[0,0,-0.180854440424046,0,0,0,0,0,0,0,-0.220973782771536,-0.186567637910239,0,0,0,0,0,-0.189360756681267,-0.186948517742652,0,0,0,0,-0.184028439027487,-0.183139719418523,0,0,0,0,0,0,0,0,0,0,0,0,0,0,0,0,0,0,0,0.403415222497302,0,0,0,0,0,-0.215641465117755,0,0,0,0.170316765060623,0,0,0,0,0,0,0,0,0,0,0,0,0.461943756744747,0,0,0,0,0,0,0,0,0,0,0,0,0,0,0,0,0,0,0,0,0,0,0,0,0,0,0,0,0,0,0,0,0,0,0,0,0],[0,-0.197867072938488,0.534945724623881,-0.191646035675744,0,-0.240144734336317,0,0,0,0,0.322668698025773,0.288770392941027,0,-0.178569161429569,0,0.647559195073954,0,0.712562686472418,0.704056370215197,0.32012949914302,0.684377578873865,0.80118072748048,0.820859518821812,0.562749952390021,0.265282803275567,0.626356884402971,0,0.762330984574367,0,0,0.206754269028122,0.243953532660446,0.373706595569098,0,0,0,0,-0.346664127467784,0.565416111216911,0,-0.354789563892592,0.55690979495969,0,0,0,0.261854884783851,-0.254618167968006,-0.26401320383419,-0.229607058972894,0,0.396813305402146,0,-0.218434583888783,0,0,0,0,0,-0.289786072494128,0,0,0,0,0,0,-0.286612073890688,-0.262616644448676,0,-0.208658668190186,-0.329143655176792,0,0,0,0,0,0.187710277407478,-0.404557861994541,0,-0.241668253665968,0,-0.195835713832286,0,0,-0.180727480479909,0,0,-0.22554434076049,0,0,-0.198501872659176,0,0.403796102329715,0,0,0,0,-0.20523074969847,0,0,-0.16460356757443,0,0,0.450136481939948,-0.37307179584841,-0.333968133054022],[0,0,0.244207452548721,0,0,0,0,0,0,0,0,0,0,0,0,0.320002539198883,0,0,0,0,0,0.174506443217165,0.163460928077192,0.249412810258364,0,0,0.173490763664064,0.185171078524725,0,0.206754269028122,0,0,0,-0.201929791150892,-0.183266679362661,-0.181489240144734,0,-0.167396686345458,0,0,-0.354281724116041,0.246873611375611,-0.190503396178506,0,0,0,-0.297530629086523,0,0,0,0,0.217164984447407,0,0,0,0,0,0,0,0,0,0,0,0,0,0,0,0,0,-0.263632324001777,0,0,0,0,0,0,-0.187710277407478,0,0,0,0,0,0,0,0,0,0,0,-0.170697644893036,-0.312765822383038,0,0,0,0,0,0,0,0,0,-0.170443725004761,0,0,0,0,0],[0.186186758077826,-0.23785945534184,0,-0.376372754395988,0,0,-0.334095092998159,0,0,0,0,0,0.186948517742652,0.318732939757507,0,0,0,0,0,0,0.197994032882626,0.312257982606488,0.173490763664064,0,0,0.423347933726909,0,0,0,0.243953532660446,0,0,0,0,0,0,0,0,0,0,-0.166000126959944,0,0,0,0,0,0,0,0,0,0,0,-0.233288897352885,0,0,0,0,0.168666285786834,0.188472037072304,-0.18758331746334,0,0,0,0,0,0,-0.208912588078461,0,0,0,0,0,0,0,0,0,0,0,0,0,0,0,0,-0.320256459087158,0,0,0,-0.189868596457818,0,-0.254237288135593,0,0,0,0,0.194693074335047,0,0,0,0,0,0,0,0,0,0],[-0.180981400368184,-0.183520599250936,0.248143210816987,0,0,0,0,0,0,-0.250428489811465,0.177299561988193,0.186313718021964,0,-0.266806322605218,-0.162953088300641,0.221354662603948,0,0.37091347679807,0.360629721322923,0,0.372183076239447,0.310988383165111,0.375357074842887,0.272138640258998,0.185932838189551,0.323049577858186,0,0.382593791658732,0,0.373706595569098,0,0,0,0.314924141433378,0,0,0,-0.196978353329525,0.326350536405764,0,0,0,0,0,0,0,0,-0.234177616961849,0,0,0.245604011934235,0,0,0.162445248524091,0,0,0,0,-0.248778010537675,-0.166254046848219,0,0,0,-0.271249920650035,0,-0.173744683552339,-0.196978353329525,0,0,0,0,0,-0.171586364502,0,0,0,-0.23354281724116,0,-0.267187202437631,0,-0.248778010537675,0,0,0,-0.221227702659811,0,0,-0.204849869866057,0,0,-0.238748174950803,0.855392623627246,-0.238240335174253,0,0,0,-0.222624262045325,0,0,0,0,0,0,-0.170316765060623,-0.368882117691868],[-0.176156922490954,0,0,0.262235764616264,0,0,0.272519520091411,0,0,0,0,0,0,0,0,-0.229099219196344,0,0,0,0,0,0,0,0,0,0,0,0,0,0,-0.201929791150892,0,0.314924141433378,0,0,0,0,0.189487716625405,0,0,0.20040627182124,-0.234939376626674,0,0,0,0,0,0,0,0,0,0,0,0,0,0,0,0,0,0,0,-0.179077001206119,0,-0.221735542436361,0,0,0,0,0,0.166381006792357,0,0,0,0,0,0,0,0,0,0,0,0,0,0.187329397575065,-0.215895385006031,0,0,0,0,0,-0.23519329651495,0.292960071097569,-0.25119024947629,0,0,0,0,0.180473560591633,0,0,0,0,-0.163714847965467,0,0],[0.165492287183394,0.274677839141751,-0.23087665841427,0,0,0.704691169935885,0,0,0,0,0,0,0,0,0.221354662603948,-0.182504919697835,0,0,0,0,0,0,0,0,0,0,-0.398844664508348,0,0,0,-0.183266679362661,0,0,0,0,0.198120992826763,0,0.170570684948899,0,0,0.211197867072938,0,0.174379483273027,0,0,-0.263251444169365,0.196851393385387,0,0,0,0,-0.176410842379229,0,0,0,0,0,0,0,0,-0.234685456738399,0,-0.237351615565289,0,0,0.196089633720561,0,0,0,0,0,-0.247127531263886,0,-0.229860978861169,-0.225163460928077,0,0.169301085507522,0,0,0,0.203834190312956,0,0,0,0.179330921094395,0,0,0,0.216022344950168,0,0,0,0,0,0,0,0.506760617025329,0,0,0.851837745191392,0,0,0,0,0],[0,0,0,0,0,0,-0.16460356757443,0,0.178950041261982,0,0,0,0,0,0.509299815908081,0,0,0,0,0,0,0,0,0,0,0,0,0,0,0,-0.181489240144734,0,0,0,0.198120992826763,0,0,0,0,0,0,0,0.21272138640259,0,0,0,0,0,0,0,0,-0.186059798133689,0,0,0,0,-0.183774519139212,0,0,0,0,0.166381006792357,-0.257919126515584,0,0,0,0,0,0.178569161429569,0,0,-0.241795213610106,0,-0.24103345394528,-0.200533231765378,0,0.188598997016441,0,0.454580079984765,0,0.557036754903828,0,-0.167015806513045,0,0,0,0,0.222624262045325,0.18174316003301,0,0.16460356757443,0,0,0,0,0,0,0,0,0.171078524725449,0,0,0,0,0.407477940709706],[0,0,0,0,0,0,0,0,0,0,0,0,0,0,0,0,0,0,0,0,0,0,0,0,0,0,0,0,0,0,0,0,0,0,0,0,0,0,0,0,0,0,0.18707547768679,0,0,0,0,0,0,0.190757316066781,0,0,0,0,0,0,-0.164984447406843,0,0,0,0,0,0,-0.187837237351616,0,0,0,0,0.171967244334413,0,0,0,0.21805370405637,0,0,0,0,0.208912588078461,0,-0.20472290992192,0,0,0,0,0,-0.20205675109503,0,0,0,0,0,0,0,0,0,0.242430013330794,0,0.265917602996255,0.186440677966102,0,0,0,0,0,0],[0,0,-0.37624579445185,0,0,0.238875134894941,0,0,0,0,-0.250047609979052,0,0,0,0.172475084110963,-0.396432425569733,0,-0.33244461372437,-0.328762775344379,-0.22821049958738,-0.300450707801689,-0.308576144226497,-0.362534120484987,-0.37840411350219,-0.203326350536406,-0.199009712435727,0,-0.354027804227766,0,-0.346664127467784,-0.167396686345458,0,-0.196978353329525,0.189487716625405,0.170570684948899,0,0,0,-0.282803275566559,0,0.354535644004317,-0.364184599758776,0,0,0,-0.230622738525995,0.285850314225862,0,0,0,-0.191392115787469,0,0,0,0.201421951374341,0,0,0,0.177807401764743,0,0,0,0,0,0,0.203580270424681,0.163587888021329,0,0.17742652193233,0.334222052942297,0,0,0,0,0,0,0.295880149812734,0,0.18758331746334,0,0.209293467910874,0,0,0,0,0,0,0,0,0,0,-0.214625785564654,0,0,0,0,0.182631879641973,0,0,0.192534755284708,0,0,-0.205357709642608,0.19989843204469,0.216149304894306],[-0.332063733891957,0,0.433250809369644,0,0.182885799530248,-0.224274741319114,0,-0.21805370405637,0,0,0.381451152161493,0.323684377578874,0,-0.368374277915318,0,0.517933092109439,0,0.570240589094141,0.573414587697581,0.250428489811465,0.545610359931442,0.48797054529296,0.587126261664445,0.46232463657716,0.287754713387926,0.428426331492414,0,0.559829873674856,0,0.565416111216911,0,0,0.326350536405764,0,0,0,0,-0.282803275566559,0,0,-0.288389513108614,0.498635180600521,0,0,0.207516028692947,0.363295880149813,-0.252205929029391,-0.189487716625405,-0.216276264838444,0,0.358344442328445,0,0,0,0,0,0,-0.232273217799784,-0.416111216911065,0,-0.204342030089507,0,-0.258553926236272,0,0,-0.242049133498381,-0.224655621151527,0.20205675109503,0,-0.340189170316765,0,-0.226433060369453,0,-0.235828096235638,-0.258807846124548,0.170062845172348,-0.390465308195264,0,-0.183901479083349,0,0,0,0,0,0,0,-0.277724877801054,0,0,0,0,0.373198755792548,0,0,0,0,-0.213229226179141,0,0,0,0,0,0.380181552720117,-0.415095537357964,-0.232781057576335],[0,0,0,0,0,0,0,0,0,0,0,0,0,0,0,0,0,0,0,0,0,0,0,0,0,0,0,0,0,0,0,0,0,0,0,0,0,0,0,0,0,0,0,0,0,0,0,0,0,0,0,0,0,0,0,0,0,0,0,0,0,0,0,0,0,0,0,0,0,0,0,0,0,0,0,0,0,0,-0.244461372436996,0,-0.184663238748175,0.658858630102203,0.222497302101187,0,0,0,0,0,0,0,0,0,0,0,0,0,0,0,0,0,0,0,0,0,-0.166634926680632],[0,0.181870119977147,-0.33993525042849,0,0,0.21754586427982,0,0,0,0,-0.219069383609471,0,0,0,0,-0.407350980765569,0,-0.265917602996255,-0.238875134894941,0,-0.222751221989462,-0.373833555513236,-0.315812861042341,-0.34310924903193,-0.203580270424681,-0.231765378023234,-0.311369262997524,-0.280898876404494,0,-0.354789563892592,-0.354281724116041,-0.166000126959944,0,0.20040627182124,0.211197867072938,0,0,0.354535644004317,-0.288389513108614,0,0,-0.371548276518758,0,0,0,-0.30146638735479,0.441249285850314,0,0,0,0,0,0,0,0,0,0,0,0,0,0,0,0,0,0,0.242430013330794,0.258553926236272,0,0.196978353329525,0.429949850822066,0,0,0,0,0,0,0.285469434393449,0,0,0,0,0,0,0,0,0,0,0,0,0.2485240906494,0,0,0,0,0,0,0,0,0,0.205738589475021,0,0,-0.170570684948899,0.242810893163207,0],[-0.163841807909605,0,0.649717514124294,0,0,-0.331301974227131,0,-0.181870119977147,0,0,0.434139528978607,0.279883196851393,0,-0.280391036627944,0,0.768425061892973,0,0.547006919316956,0.565416111216911,0.271630800482448,0.491906303561226,0.497492541103282,0.574303307306545,0.63333968133054,0.297022789309973,0.349330286294674,0,0.599822256078207,0,0.55690979495969,0.246873611375611,0,0,-0.234939376626674,0,0,0,-0.364184599758776,0.498635180600521,0,-0.371548276518758,0,0,0.184790198692313,0.269091601599695,0.440360566241351,-0.283057195454834,-0.17691868215578,-0.21538754522948,0,0.347298927188472,0,0,0,0,0,0,0,-0.358598362216721,0,0,0,-0.17691868215578,0,0,-0.233796737129436,0,0.223005141877738,0,-0.385767790262172,0,0,0,0,0,0,-0.418269535961404,0,0,0,0,0,0,0,0,0,-0.290801752047229,0,0,0,0,0.211324827017076,0,0,0,0,-0.208023868469498,0,0,-0.187456357519203,0,0,0.471719672443344,-0.322033898305085,-0.170951564781312],[-0.269345521487971,0.197867072938488,-0.188598997016441,0,0,0,0,0,0,0,0,0.251063289532153,0,0,0,0,-0.397828984955247,0,0,0,0,0,0,-0.204976829810195,0,0,-0.189487716625405,0,0,0,-0.190503396178506,0,0,0,0.174379483273027,0.21272138640259,0.18707547768679,0,0,0,0,0,0,0,0,0,0,0,0,0.301847267187202,0,-0.172221164222688,0,0,0,0,0,-0.192661715228845,-0.194946994223323,0,-0.224401701263251,0,-0.312384942550625,0,0,0,0,0,0,0,0.212975306290865,-0.329524535009205,0,-0.259950485621786,-0.29714974925411,0,0,0.414460737637275,0.166000126959944,0,0,0,0,0,0,0,0,0,0.224274741319114,0.16676188662477,0,0,0,0.275439598806577,0,0,0,0.413064178251762,0,0,-0.265536723163842,0,0,0,0],[0,0.202691550815718,0,0,0,0,0,-0.169808925284073,0,0,0,0.223893861486701,0,0,0,0,0,0,0,0.177807401764743,0,0,0,0,0,0,0,0,0,0,0,0,0,0,0,0,0,0,0,0,0,0.184790198692313,0,0,0,0.165746207071669,0,0,0,0.210943947184663,0.2100552275757,0,0,-0.214625785564654,0,-0.269218561543833,0,-0.166507966736495,-0.238875134894941,0,-0.214752745508792,0.189614676569542,-0.1844093188599,0,-0.178950041261982,0,0,0,0,0,0,-0.227956579699105,0,-0.193931314670222,-0.166381006792357,0,-0.210436107408113,0,0,0,0,0,0,0,0,0,-0.235320256459087,0,0,0,0,0,0.301847267187202,0,0,0,0,0,0,0,0,0,0,-0.178950041261982,0],[-0.186313718021964,0,0.162826128356504,0,0,-0.22503650098394,0,0,0,0,0,0,0,-0.294991430203771,0,0.193169555005396,0,0,0.168412365898559,0,0,0,0,0,0,0,0,0.186821557798515,0.403415222497302,0,0,0,0,0,0,0,0,0,0.207516028692947,0,0,0.269091601599695,0,0,0,0.185551958357138,0,0,0,0,0,0,0,0,0,0,0,-0.190630356122643,-0.316320700818892,0,-0.247254491208024,0,-0.258807846124548,0,0,0,0,0.697708373008316,0,-0.188091157239891,0,-0.236082016123913,0,-0.189614676569542,-0.192026915508157,0,-0.206373389195709,0,0,0,0,0,0,0,0,0,0,0,0,0,0,0,0,0,0,0,-0.175649082714404,0,0,0,0,0,0.220465942994985,-0.162953088300641,0],[-0.304513426014093,-0.174506443217165,0.451152161493049,0,0,-0.402653462832476,0,0,0,0,0.410778899257284,0.184155398971624,0,-0.263378404113502,0,0.392877547133879,0,0.264140163778328,0.272646480035549,0,0.261093125119025,0.235955056179775,0.280010156795531,0.402272583000064,0.329524535009205,0.176664762267505,0.467276074398527,0.295626229924459,0,0.261854884783851,0,0,0,0,-0.263251444169365,0,0,-0.230622738525995,0.363295880149813,0,-0.30146638735479,0.440360566241351,0,0.165746207071669,0.185551958357138,0,-0.272900399923824,0,0,0,0.22338602171015,0,0,0,0,0,0,0,-0.228337459531518,0,0,0,0,0,0,-0.21221354662604,0,0.169174125563385,0,-0.326350536405764,0,0,0,0,0,0,-0.316701580651305,0,0,0,0,0,0,0,0,0,-0.219958103218435,0,0,0,0,0,0.221989462324637,0,0,0,-0.246619691487336,0,0,-0.311369262997524,0,0,0.236843775788739,-0.26667936266108,0],[0.201802831206754,0.192915635117121,-0.321526058528534,0,0,0.205992509363296,0,0,0,0,-0.228845299308068,0,0,0,0,-0.342474449311242,0,-0.164476607630293,-0.162318288579953,0,0,-0.239129054783216,-0.231638418079096,-0.323938297467149,-0.222497302101187,0,-0.333333333333333,-0.209420427855012,0,-0.254618167968006,-0.297530629086523,0,0,0,0.196851393385387,0,0,0.285850314225862,-0.252205929029391,0,0.441249285850314,-0.283057195454834,0,0,0,-0.272900399923824,0,0,0,0,0,0,0,0,0,0,0,0,0,0,0,0,0,0,0,0.204215070145369,0.223132101821875,0,0,0.832539833682473,0,0,0,0,0,0,0.249539770202501,0,0,0,0,0,0,0,0,0,0,0,0,0,0,0,0,0,0,-0.208785628134324,0,0,-0.187837237351616,0.211959626737764,0,0,0,0.230241858693582,0],[0,0,-0.197105313273662,0,0,0,0,0,0,0,0,-0.275693518694852,0,0,0,-0.181489240144734,0,-0.300577667745826,-0.290293912270679,-0.173998603440615,-0.277470957912779,-0.257157366850759,-0.268202881990732,-0.195708753888148,0,-0.237986415285977,0,-0.290420872214816,0,-0.26401320383419,0,0,-0.234177616961849,0,0,0,0,0,-0.189487716625405,0,0,-0.17691868215578,0,0,0,0,0,0,0,0,-0.258046086459722,0.203707230368819,0.17691868215578,0,0,0,-0.19240779534057,0,0.231511458134958,0,0,0,0,0,0,0,0,0,0,0,0,0,0,0,0,0,0,0,0,-0.166381006792357,0,0,0,0,0,0,0,0,0,0,0,-0.23836729511839,0,0,0,0,0,0,0,0,0,0,-0.239763854503904,0,0],[0,0,-0.219323303497746,0,-0.194693074335047,0,0,0,0,0,-0.281533676125183,0,0,0.22554434076049,0,-0.222243382212912,0,-0.269218561543833,-0.271376880594173,0,-0.196597473497112,-0.208023868469498,-0.246238811654923,-0.281914555957595,-0.2485240906494,0,0,-0.181870119977147,0,-0.229607058972894,0,0,0,0,0,0,0,0,-0.216276264838444,0,0,-0.21538754522948,0,0,0,0,0,0,0,0,0,0.175141242937853,0,0,0,0.168285405954421,0,0,0.189487716625405,0,0.216657144670856,0,0.221354662603948,0,0,0,0.297403669142386,0,0,0,0.16726972640132,0.239509934615629,0,0.203707230368819,0.199263632324002,-0.213102266235003,0.223512981654288,0,0,0.178061321653018,0,0,0,0,0,0,0,0,0,0,0,-0.197867072938488,0,0,0,0,0,0,0,0,0,0,-0.265282803275567,0.170189805116486,0],[-0.193804354726084,0,0,0,0,0,0,0,0,0,0,0.236208976068051,0,0,0,0,-0.216403224782581,0,0,0,0,0,0,0,0,0,0,0,0,0,0,0,0,0,0,0,0.190757316066781,0,0,0,0,0,0.301847267187202,0.210943947184663,0,0,0,0,0,0,0.176156922490954,0,0,0,0,0,-0.183774519139212,-0.173236843775789,-0.171713324446137,0,-0.172221164222688,0,-0.247762330984574,0,0,0,0,0,0,0,0.201421951374341,-0.275312638862439,0,-0.223512981654288,-0.226940900146004,0,0,0.245477051990097,0,0,0,0,0,0,0,0,-0.169935885228211,0,0,0,0,0,0,0,0,0,0,0.2869929537231,0,0,0,0,0,0,0],[0,0,0.333206373389196,0,0,-0.191772995619882,0,-0.215514505173618,0,0,0.27632831841554,0.408493620262807,0,-0.327493175903003,0,0.329016695232654,0,0.5029518187012,0.513235574176347,0.232654097632197,0.478575509426776,0.346029327747096,0.477432869929537,0.349584206182949,0.188725956960579,0.332698533612645,0,0.507268456801879,-0.215641465117755,0.396813305402146,0,0,0.245604011934235,0,0,0,0,-0.191392115787469,0.358344442328445,0,0,0.347298927188472,0,0.2100552275757,0,0.22338602171015,0,-0.258046086459722,0,0.176156922490954,0,0,0,0,0,0,0.169808925284073,-0.192661715228845,-0.378784993334603,0,0,0.175141242937853,-0.260585285342474,0,0,-0.206754269028122,0,0,0,0,0,-0.292706151209293,0,-0.23303497746461,-0.285977274169999,0,-0.332317653780232,0,-0.216911064559132,0,-0.165746207071669,0,0,0,0,0,-0.245223132101822,0,0,0,-0.170697644893036,0.309210943947185,0,0,0,0,-0.179203961150257,0,0,0,0,0,0.38805306925665,-0.239382974671491,-0.267314162381769],[0,0,0,0,0,0,0,0,0,0,0,-0.199263632324002,0,0,0,0,0,0,0,0,0,0,0,0,0,0,0,0,0,0,0.217164984447407,0,0,0,-0.176410842379229,-0.186059798133689,0,0,0,0,0,0,-0.172221164222688,0,0,0,0,0.203707230368819,0.175141242937853,0,0,0,0,0,0,0.166634926680632,0,0,0,0,0,0,0,0,0,0,0,0,0,0,0,0,0,0,0,-0.19189995556402,0,0,0,0,0,0,0,0,0,0,0,0,-0.20040627182124,0,0,0,0,0,0,0,0,0,0,0,0,0,0,0,0],[0,0,0,0,0,0,0,0,0,0,0,0,0,0,0,0,0,0,0,0,-0.169935885228211,-0.231130578302546,-0.178188281597156,0,0,-0.24319177299562,0,0,0,-0.218434583888783,0,-0.233288897352885,0,0,0,0,0,0,0,0,0,0,0,0,0,0,0,0.17691868215578,0,0,0,0,0,0,0,0,0,0,0,0,0,0,0,0,0,0,0,0,0,0,0,0,0,0,0,0,0,0,0,0,0,0,0,0,0,0,0,0,0,0.234304576905986,0,0,0,0,0,0,0,0,0,0,0,0,0,0,0],[0,0,0,0,0,0,0.187329397575065,0,0,-0.336888211769187,0,0,0,0,0,0,0,0,0,0,0,0,0,0,0,0,0,0,0,0,0,0,0.162445248524091,0,0,0,0,0,0,0,0,0,0,-0.214625785564654,0,0,0,0,0,0,0,0,0,0,0,0.814638481559068,0.354789563892592,0,0,0,0,0,0,0,0.278232717577604,0,0.170062845172348,0,0,0,0,0,0,0,-0.178696121373707,0,0,0,0,0.321399098584397,0,0,0,0,-0.161683488859265,0.281406716181045,0,0,0,0,0,0.172729003999238,0,0,0.161810448803403,-0.196089633720561,-0.309337903891322,0,0,0,0,0,0,0.234304576905986,-0.235447216403225],[0,0,-0.228464419475655,0,0,0,0,0,0,0,-0.190884276010919,0,0,0,0.177045642099917,0,0,0,0,0,0,0,0,-0.185932838189551,-0.180219640703358,0,0,0,0.170316765060623,0,0,0,0,0,0,0,0,0.201421951374341,0,0,0,0,0,0,0,0,0,0,0,0,0,0,0,0,0,0,0,0,0,0,0,0,0,0,0,0,0,0,0,0,0,0,-0.173617723608202,0,0,0,0,0,0,0,0,0,0,0,0,0,0,0,0,0,0,0,0,0,0,0,0,0,0,0,0,0.175903002602679,0,0,0],[0,0,0,0.170189805116486,0,0,0.208150828413636,0,0,-0.333079413445058,0,0,0,0,0,0,0,0,0,0,0,0,0,0,0,0,0,0,0,0,0,0,0,0,0,0,0,0,0,0,0,0,0,-0.269218561543833,0,0,0,0,0.168285405954421,0,0,0.166634926680632,0,0.814638481559068,0,0,0.342347489367105,0,0,0,0.184536278804037,0,0,0,0.266552402716943,0,0.201041071541929,0,0,0,0,0,-0.179077001206119,0,0,0,0,0,0,0.34526756808227,0,0,0,0,0,0.25068240969974,0,0,0,0,0,0,0,0,0,-0.181870119977147,-0.28648511394655,0,0,0,0,0,0,0.286358154002412,-0.196343553608836],[0,0,0,0,0,0,0,0,0,0,0,0,0,0,-0.185678918301276,0,0,0,0,0,0,0,0,0,0,0,0,0,0,0,0,0,0,0,0,-0.183774519139212,-0.164984447406843,0,0,0,0,0,0,0,0,0,0,-0.19240779534057,0,-0.183774519139212,0.169808925284073,0,0,0.354789563892592,0,0.342347489367105,0,0,0,0,0,0,0,0,0,0,0,0,0,0,0,0,0,0,0,0,0,0,0,0.618485367866438,-0.211578746905351,0,0,0,0,0.409128419983495,0,0,0,0,0,0,0,0,0,0,0,0,0,0,0,0,0,0,-0.195581793944011],[0.23036881863772,0,0,0,-0.253094648638355,0,0,0.199644512156415,0,0.163460928077192,0,-0.234431536850124,0,0.294864470259633,0,0,0,-0.219196