var cor_pearson_para_first = [[0.999999999999999,0,-0.283776582509086,0,0,0.290672564559781,0,0,0,0,-0.339179853729005,-0.30911448942794,0,0.427207553272117,0,-0.252665695235443,0.265022844846739,-0.221881145075321,-0.235765753470617,0,0,0,-0.231343013861881,-0.24656462475511,-0.287286819059873,0,-0.297214097310537,0,0,0,0,0,-0.295517800545971,-0.275921144439683,0,0,0,0,-0.429479400105274,0,0,-0.310564976790714,-0.358232179661043,0,-0.223121013839244,-0.437124439772152,0.257213922778453,0,0,-0.236199709066618,0,0,0,0,0,0,0,0.331699915526849,0.391694805863219,0,0,0,0.267508926110643,0.265210988911588,0,0,0,-0.244561074837621,0,0.304014299926107,-0.327729124657368,0.288447064970747,0,0.239804857241892,0.283875075675736,0,0.295870168886942,-0.388010347001663,0,0,0,0,0,0,0,0,0,0,0,0,0,-0.314942019914813,0,-0.236761526264408,0,0,0.287314486122145,-0.282804554737475,0,0,0.333837979243848,0,0,0.271860096478876,0],[0,1,-0.329131311140947,0.297195540194444,0,0.40662737226732,0,0,0,0,0,0,0,0,0,-0.328214797896985,0,-0.279857361743108,-0.268378311920549,0,-0.320988355483875,-0.299608176824622,-0.295824122155255,-0.318098930740382,0,-0.361527565144634,-0.568776478036058,-0.309268998647173,0,-0.276659388794382,0,-0.378043501617547,-0.273178425263101,0,0.428521147555148,0,0,0,-0.239923265983855,0,0.298453006179135,-0.249286939539287,0.234746381445613,0.271515829279476,0,-0.336603813295874,0.271275536531794,0,0,0,0,0,0,0,0,0,0,0,0,0,-0.30177187108541,0,0,0,0,0.343650300370064,0.258599999393545,0,0,0.256896139565454,0,0,0,0,0,0,0,0,0.235070726874504,0,0,0,-0.24166945200629,0.293288074513236,0,0,0,0.280276403081386,0.242558418865346,0,0,-0.271202630651885,0,0,-0.278034292453465,0,0.381507246467284,0,0,0.421440208286408,0.228084613260538,0,0,0.301192040138711,0.236354189470656],[-0.283776582509086,-0.329131311140947,1,-0.284407253516974,0,-0.577061848250971,0,0,-0.226228138291759,0,0.763341871691675,0.292093884718958,0,-0.440641098856294,-0.294606074213297,0.822743776322799,0.222836334219437,0.688984047522191,0.69281477745634,0.253289924352106,0.675378656598642,0.660025464903369,0.734745084472815,0.960488502617064,0.676955961533079,0.537375233093591,0.45837972827313,0.717897031670465,-0.250109318149311,0.737962252233933,0.344617187549795,0,0.413526211515875,0,-0.383788882286063,-0.25001309253731,-0.22192341858477,-0.469186581972006,0.643360138905482,0,-0.51730551813865,0.840284590085331,-0.262580861923442,0,0,0.675620378144972,-0.481481902573534,-0.294034713223955,-0.285667653513171,0,0.509452772549536,0,0,0,-0.37800688195805,0,0,0,-0.358513828014404,0,0,0,0,0,0,-0.422242240006962,-0.315331240532735,0,0,-0.57308402820711,0,0,0,0,0,0.306122638446578,-0.673239449589451,0,-0.285778740888389,0,-0.285198732278246,0,0,0,0,0,-0.227597937224588,-0.248029053991156,-0.307095271298744,0,0,0.474817140355544,0,0,0,0,-0.330677132066045,-0.262550892984955,0,-0.449137971469728,0,0,0.537112254668079,-0.50559890464767,-0.346189005573984],[0,0.297195540194444,-0.284407253516974,1,0,0,0.952002340235297,0,0,-0.268140310203395,0,0,0,0,0,-0.43971294666233,0,-0.386281129819649,-0.389119561913045,-0.268018835205319,-0.44126775405037,-0.483467121583724,-0.439742138873003,-0.310879708744721,0,-0.512648053290258,0,-0.367306899424164,0,-0.448073167529303,0,-0.474882440893593,0,0.442408995583019,0,0,0,0,-0.418645874221127,0,0.285944552233462,-0.392116455951236,0,0,0,0,0,0,0,0,-0.292153579405889,0,0.240559694944092,0.30475051501822,0,0.344757954457043,0,0,0,0,0,0,0,0,0,0,0,0,0,0,0,0,-0.26411890855278,0,0,0,0,0,0,0,0,0,0,0.621038820648115,0,0,0,0.26033651003161,0,0,0,0,0,0,0,0,0,0,0,0,0,0,-0.399889833471495,0.411211531354386,0],[0,0,0,0,1,0,0,-0.270457597589754,0,0,0,0,0,-0.252734436905579,0,0,-0.229676417876692,0,0,0,0,0,0,0,0,0,0,0,0,0,0,0,0,0,0.256596645251388,0,0,0,0,0,0,0,0,0,0,0,0,0,0,0,0,0,0,0.23440326315728,0,0,0,-0.349979082702407,-0.256324157595197,0,0,0.248552751320246,-0.456734159178395,0,0,0,0,0,0,0,0,-0.416837484057637,0,-0.538206037130735,-0.416938202749733,0,0,0,0,0,0,0,0,0.268007570155688,0,0,0,0,0,0,0,0,0,0,0,0,0,0,0,0.238799103211937,0,0,0,0,-0.227192014620101],[0.290672564559781,0.40662737226732,-0.577061848250971,0,0,1,0,0,0,0,-0.361503797794852,0,0,0.276981100298709,0.348821775190711,-0.488161015447499,0,-0.348374691179013,-0.354596072407123,0,-0.393947609263046,-0.315925802718783,-0.393400783081427,-0.479753645659754,-0.306358954148645,-0.29247688007366,-0.541392937605377,-0.461392365420914,0,-0.379198915747921,-0.265712732949586,0,-0.237535154001911,0,0.894203127300859,0.270929324807603,0,0.309068186340713,-0.321739375286343,0,0.329492811796107,-0.511190376209093,0,0,-0.338380683573375,-0.596732256581669,0.34439061594361,0,0,0,-0.323558190682006,0,0,-0.224279501577909,0,0,0,0,0,0,-0.264699574708541,0,0,0,0,0.365490281649821,0,-0.284377893855266,0,0.38536231155594,0,0,0,0,0,0,0.471995496393603,0,0,0,0.342220497039639,0,0,0,0,0,0,0,0.330418951740326,0,0.221726060510012,-0.239955507258948,0,0,0,0,0.731672442297598,0,0,0.944241049404252,0,0,0,0.357285501078543,0.290093518807984],[0,0,0,0.952002340235297,0,0,1,0,0,-0.280639630661752,0,-0.220495718035829,0,0,0,-0.347613109753206,0,-0.302198374244339,-0.311539123217821,-0.270993439268758,-0.346564035821193,-0.394279551885969,-0.340747516868586,0,0,-0.43187460300955,0,-0.266661762277909,0,-0.342782083696502,0,-0.409226984079828,0,0.444238037849994,0,0,0,0,-0.390953141930306,0,0,-0.341580015684825,0,0,0,0,0,0,0,0,0,0,0,0.3605039115881,0,0.407947391967653,0,0,0,0,0,0,0,0,0,0,0,0,0,0,0,0,-0.286777918167705,0,0,0,0,0,0,0,0,0,0,0.579944812395659,0,0,0,0,0,0,0,0,0,0,0,-0.223029648940084,0,0,0,0,0,0,-0.349559664045802,0.378047021026645,0],[0,0,0,0,-0.270457597589754,0,0,1,0,0,0,-0.509293454275312,0,0.245575003046412,0,0,0,-0.292751523384181,-0.309213434581687,-0.237825550011141,-0.246583077906808,0,-0.235152645857727,0,0,-0.228640762914892,0,0,0,0,0,0,0,-0.290153191433112,-0.250158422356041,0,0,0,-0.307303253494344,0,0,0,0,-0.363414263813516,0,0,-0.28121905526252,0,0,-0.312619899064098,-0.309367549095089,0,0,0,0,0,0,0.365341727178645,0.379902459278048,0,0.350171570251677,-0.273649174080879,0.401612718135375,0,0,0,0,0,0,0,0,0.449514392237661,0,0.414631890099482,0.39624119233166,0,0,0,0,0,0,0,0,0,0,0,0.322261684352063,0,-0.349352393430291,0,0,-0.232417059458187,0,0,0,0,0,0,0,-0.243638242050079,0,0,0,0,0],[0,0,-0.226228138291759,0,0,0,0,0,1,0,0,0,0,0,0.269666490378525,-0.231379187294137,0,-0.254473507951188,-0.238258931358144,0,0,-0.238519800559856,-0.235944295444963,-0.230376742553967,0,0,0,0,0,-0.231911734628717,0,0,0,0,0,0,0,0,0,0,0,0,0,0,0,0,0,0,0,0,0,0,0,0,0,0,0,0,0,0,0,0,0,0,0,0,0,0,0,0,0,0,0,0,0,0,0,0.233288036934521,0,0,0,0,0,0,0,0,0,0.232123490962189,0,0,0,0,0,0,0,0,0,0,0,0,0,0,0,0,0],[0,0,0,-0.268140310203395,0,0,-0.280639630661752,0,0,1,0,0,0,0,0,0,0,0,0,0,0,0,0,0,0,0,0,0,0,0,0,0,-0.224428620447806,0,0,0,0,0,0,0,0,0,0,0,0,0,0,0,0,0,0,0,0,-0.373461880793471,0,-0.36969816893295,0,0,0.276622577758101,0,0,0,0,0,0,-0.263798777019853,0,0,0,0,0,0,0,0,0,0,0,-0.245267967282524,0,0,0,0,0,0,0,0,0,0,0,0,0,-0.234121147850231,0,0,0,0.220399955279636,0.313942540906084,-0.23082234493315,0,0,0,0,0,0,0],[-0.339179853729005,0,0.763341871691675,0,0,-0.361503797794852,0,0,0,0,0.999999999999999,0.264217791883336,0,-0.53410791029764,0,0.571084323822903,0,0.458366803060121,0.484209455670925,0,0.460298920144555,0.353175463187259,0.452178001818803,0.790328934542287,0.947179805661254,0.301025243567839,0.411137519909569,0.439344641765294,-0.292541747078854,0.429545998578616,0,0,0.237280372680427,0,0,0,0,-0.350707684935383,0.549085627601784,0,-0.31429785555935,0.613666779977174,0,0.254298224453961,0,0.643390935575028,-0.298093430101043,-0.278335484005258,-0.396013823549362,0,0.430959789150852,0,0,0,-0.270239095460206,-0.288415570119105,0,0,-0.291360046397433,0,0,0,-0.267993958669975,0,0,-0.430952296556917,-0.390719038723904,0,0,-0.406193397986909,0,-0.295484965539075,0,-0.248045577000091,-0.266217862176015,0.326563021008947,-0.589453216855719,0,0,0,0,0,0,0,0,0,0,0,0,0,0,0.336939054322517,0,0,0,0,0,0,0,-0.227272853630185,0,0,0.483687094974512,-0.519673440840237,0],[-0.30911448942794,0,0.292093884718958,0,0,0,-0.220495718035829,-0.509293454275312,0,0,0.264217791883336,1,0,-0.399299302332007,0,0.369507100186137,0,0.638835585488107,0.668333146857768,0.3338468946576,0.607366351586559,0.41211732553136,0.554875651504878,0.335970466103379,0,0.473468762522213,0,0.554049394826245,-0.267216332258853,0.425216989873248,0,0,0,0,0,0,0,0,0.531119598207784,0,0,0.459173251733358,0.37341147671821,0.339146967356817,0,0.309916400435263,0,-0.407862804195497,0,0.364745596108617,0.632672920328515,-0.320853908080262,0,0,0,0,0,-0.302841234764181,-0.542437464702345,0,-0.249917971090665,0.322149928267201,-0.446209494016074,0,0,0,0,0,0,0,0,-0.476162601140228,0,-0.430394264390256,-0.457262012778867,0.251502084917905,-0.346274088656327,0,0,0,0,0,0,0,0,0,-0.314614252583948,0,0.226332772260494,0,0,0.346841745674368,0,0.234966932817846,0,0,-0.235149628717525,0,0,0,0,0,0.527657629396879,-0.425272513659498,-0.220923012102532],[0,0,0,0,0,0,0,0,0,0,0,0,1,0,0,0,0.322838001666034,0,0,0,0,0,0,0,0,0,0,0,0,0,0,0.240298466333355,0,0,0,0,0,0,0,0,0,0,-0.233200855805855,0,0,0,0,0,0,0,0,0,0,0,0,0,0,0,0,0,0,0,0,0,0,0,0,0,0,0,0,0,0,0,0,0,0,0,0,0,0,0,0,0,0,0,0,0,0,-0.236296117667023,0,0,0,0,0,0,0,0,0,0,0,0,0,0,0],[0.427207553272117,0,-0.440641098856294,0,-0.252734436905579,0.276981100298709,0,0.245575003046412,0,0,-0.53410791029764,-0.399299302332007,0,1,0,-0.297369019916493,0,-0.410892331205465,-0.460923988127778,0,-0.412930572607898,0,-0.338979025561511,-0.506445262582604,-0.399295075551823,0,0,-0.37171006179568,0,-0.232431660158873,0,0.417414083584563,-0.286303293470288,-0.25300889201822,0,0,0,0,-0.514881954181582,0,0,-0.396248146643151,0,-0.330887255970772,-0.386919366042957,-0.416259834820709,0,0,0.310460568504156,0,-0.511222146222339,0,0,0,0,0,0,0.497110190831316,0.631815162376477,0,0.298920521520801,-0.22530176497047,0.492176544728766,0.228642966598988,0,0.322485814025135,0,-0.310208436207871,0,0.281092791473588,0,0.54281259483027,0,0.458657764416838,0.473808660004492,-0.36415381665519,0.60447560472352,0,0.440755975123664,0,0.328712301106349,0,0,0,0,0,0.230170025633549,0,0,-0.262095821715249,0.268589879219571,-0.40922077164982,0,0,0,0,0,0,0,0,0,0,-0.386110317430244,0.367511025334267,0.278258715799829],[0,0,-0.294606074213297,0,0,0.348821775190711,0,0,0.269666490378525,0,0,0,0,0,1,0,0,0,0,0,0,0,0,-0.236048605586583,0,0,0,-0.232096703663241,0,0,-0.225328203473307,0,0,0,0.356619672655484,0.706135648353186,0,0,0,0,0.260524596545055,0,0,0,0,0,0.232786657467206,0,0,0,0,-0.288740654131385,0,0,0,0,-0.287271314525717,0,0,0,0,0,-0.289132471099027,0,0,0,0,0,0.238213351454231,0,0,-0.263183299913259,0,-0.285673420838142,-0.256053920615424,0,0.362632763910345,0,0.544051612327495,0,0.686932308919472,0,0,0,0.252068367820897,0,0,0.464949121650105,0.334684030144609,0,0.313907158595927,0,0,0,0,0,0.283998633269226,0,0,0.353188599562942,0,0,0,0,0.461779045320637],[-0.252665695235443,-0.328214797896985,0.822743776322799,-0.43971294666233,0,-0.488161015447499,-0.347613109753206,0,-0.231379187294137,0,0.571084323822903,0.369507100186137,0,-0.297369019916493,0,1,0,0.762408926754943,0.776843221340733,0.350447071434851,0.740578967026259,0.786499637462467,0.823791393058855,0.845613868036548,0.5066710668355,0.629754828635914,0.44341222767229,0.821764893221551,0,0.838428605493066,0.438208210750934,0.266779362600643,0.408548805155069,-0.318032481168114,-0.297397169087339,0,0,-0.524898334268928,0.731387183602811,0,-0.593244523568,0.926631251579511,-0.229408616700675,0.230034457245099,0,0.574439364549894,-0.531868978283138,-0.317959669282347,-0.305942492937048,0,0.513353619004937,0,-0.223576805242962,0,-0.238504916069287,0,0,0,-0.358005346226857,0,0,0.22757310022223,0,0,0,-0.498290009543614,-0.364387138727693,0,-0.236689628242812,-0.612529978780177,0,0,0,0,0,0.303234261807575,-0.676940490261384,0,-0.33351543477759,0,-0.265749388364307,0,0.29000896066891,-0.301680376882512,0,0,0,-0.226975249013406,-0.286815145554577,-0.269085004579398,0,0.458039149541135,0,0,0,0,-0.239340584127621,-0.23193678080698,0,-0.365822616438435,0,0,0.608488838961651,-0.636544983939067,-0.346192740536706],[0.265022844846739,0,0.222836334219437,0,-0.229676417876692,0,0,0,0,0,0,0,0.322838001666034,0,0,0,1,0,0,0,0,0,0,0.237691103960943,0,0,0,0,0,0.273830703742319,0,0,0,0,0,0,0,0,0,0,-0.227676297391854,0,-0.534869682856445,0,0,0,0,0,0,-0.257421385034289,0,0,0,0,0,0,0,0,0.22232307362621,0,0,0,0.315249420699724,0,0,0,0,-0.225551799037776,0,0,0,0.339206120702701,0,0.268797076004191,0.30876463582923,0,0,-0.648599440828617,0,0,0,0,0,0,0,0,0,0,0,-0.237582395107901,0,0,0,-0.227793108798694,0,0,0,-0.588800420616073,0,0,0.452204657022987,0,0,0,0],[-0.221881145075321,-0.279857361743108,0.688984047522191,-0.386281129819649,0,-0.348374691179013,-0.302198374244339,-0.292751523384181,-0.254473507951188,0,0.458366803060121,0.638835585488107,0,-0.410892331205465,0,0.762408926754943,0,1,0.987504409496958,0.484146705470631,0.905303274548134,0.861892269183179,0.947501011846463,0.72944261760838,0.321736003434108,0.806744312337712,0,0.87930120571126,-0.277425686370616,0.865039794294777,0,0.292030484608817,0.506077954664009,0,0,0,0,-0.44173635379062,0.791812581693027,0,-0.397131402492458,0.777976470528823,0,0.235252430469759,0,0.42734982467966,-0.275203639712859,-0.435872934940024,-0.39978176228703,0,0.744693294960861,0,0,0,-0.236375150724135,0,0,-0.271535720433285,-0.526773734309861,0,0,0.293378082149435,-0.351265126360955,0,0,-0.457850060508708,-0.306105685441463,0,0,-0.409982094619695,0,-0.359422250261117,0,-0.358416042460309,-0.332907440159376,0.446996489425289,-0.637753277629745,0,-0.424748590996112,0,-0.284417688373832,0,0.238099955829447,-0.308076491501618,0,0,-0.304128211314321,-0.316506349460407,0,0,-0.284117130643379,0.606385968832698,0,0,0,0,-0.298600168458919,0,0,0,0,0,0.7008716508203,-0.589360439067139,-0.472942466525665],[-0.235765753470617,-0.268378311920549,0.69281477745634,-0.389119561913045,0,-0.354596072407123,-0.311539123217821,-0.309213434581687,-0.238258931358144,0,0.484209455670925,0.668333146857768,0,-0.460923988127778,0,0.776843221340733,0,0.987504409496958,1,0.474333910365342,0.909867809725366,0.827906402168066,0.938501904468644,0.74577671393089,0.337429757400238,0.780702286218536,0,0.88919280907339,-0.268049940614544,0.852762835460596,0,0.23936852997199,0.492433493877299,0,0,0,0,-0.454472393960011,0.807911531325877,0,-0.369697762682361,0.800461952040778,0,0.260124920763325,0,0.443117514716978,-0.269266077099466,-0.441406551527311,-0.391424933064246,0,0.75708888359835,-0.244627186119116,0,0,-0.23267297294281,0,0,-0.271316689936073,-0.551508135004649,0,0,0.332032164752794,-0.372463515730357,0,0,-0.461017755575951,-0.285440226220614,0,-0.221142419055263,-0.41604043024968,0,-0.384225343674222,0,-0.365835521317582,-0.361322989481214,0.448860492362851,-0.662561976176643,0,-0.414324232958135,0,-0.26587062432277,0,0.237253439592456,-0.302791698724043,0,0,-0.304542657777761,-0.276517040142521,0,0,-0.267429983200071,0.60526043914205,0,0,0,0,-0.271317565900852,0,0,0,0,0,0.736813774115972,-0.610630786788331,-0.432314821135046],[0,0,0.253289924352106,-0.268018835205319,0,0,-0.270993439268758,-0.237825550011141,0,0,0,0.3338468946576,0,0,0,0.350447071434851,0,0.484146705470631,0.474333910365342,1,0.40853389116163,0.419483230078926,0.436269458839046,0.275453167715397,0,0.403228466924301,0,0.405700645888635,0,0.380731662876966,0,0,0,0,0,0,0,-0.260760325521021,0.367262732406884,0,0,0.380462555718384,0,0.280842096444191,0,0,0,-0.265508488949485,0,0,0.398430186324462,0,0,0,-0.230589163696704,0,0,0,0,0,0,0,0,0,0,0,0,0,0,0,0,0,0,0,0,0,-0.271957160508965,0,0,0,0,0,0,-0.248020365346034,0,0,-0.238599182347029,0,0,0,0,0,0,0,0,0,0,0,0,0,0,0,0.344679587475322,-0.276839348894462,-0.308342895682618],[0,-0.320988355483875,0.675378656598642,-0.44126775405037,0,-0.393947609263046,-0.346564035821193,-0.246583077906808,0,0,0.460298920144555,0.607366351586559,0,-0.412930572607898,0,0.740578967026259,0,0.905303274548134,0.909867809725366,0.40853389116163,0.999999999999999,0.780715341441783,0.878982575484167,0.724744434159752,0.346507261344253,0.901072360474989,0.228364067976,0.869172603994958,0,0.839728721634111,0,0.367149689191718,0.488569811366284,0,0,0,0,-0.399876851487541,0.765262943712834,0,-0.34084427651393,0.727097377134844,0,0.232616378920092,0,0.432138042659828,-0.242245502053617,-0.416214864009085,-0.286280980232253,0,0.703749083338981,0,-0.26565162850603,0,0,0,0,0,-0.49075857377687,0,0,0.298478963792757,-0.263917962545955,0,0,-0.490536381373678,-0.299249916908747,0,-0.234299816227565,-0.3637479362387,0,-0.271663121822162,0,-0.309746129556089,-0.268515360116272,0.405742482202148,-0.634889738556366,0,-0.501135074606546,0,-0.360365725325639,0,0,-0.362935883971655,0,0,-0.23592976801439,-0.324630595399833,0,0,-0.297189810927877,0.574666299778528,0,0,0.249081657692623,0,-0.328388000416582,0,0,-0.242866891973207,0,0,0.705244518546962,-0.635927243285726,-0.473487728336376],[0,-0.299608176824622,0.660025464903369,-0.483467121583724,0,-0.315925802718783,-0.394279551885969,0,-0.238519800559856,0,0.353175463187259,0.41211732553136,0,0,0,0.786499637462467,0,0.861892269183179,0.827906402168066,0.419483230078926,0.780715341441783,1,0.934656670032347,0.662947658453662,0.300315343122584,0.82657861929987,0.277036115072623,0.834382949163077,0,0.94154723762973,0.25328996689701,0.517503556836747,0.509607114884381,0,0,0,0,-0.417390667025229,0.70175207429869,0,-0.509905009312018,0.71968529509912,0,0,0,0.33994915683698,-0.375336535301302,-0.340688244092116,-0.338257803345134,0,0.533604694056314,0,-0.270249787364968,0,0,0,0,0,-0.251103057031446,0,0,0,0,0,0,-0.442402812709344,-0.335876244537811,0,-0.289985385858233,-0.432588531257941,0,0,0,0,0,0.340957783168853,-0.489431950892998,0,-0.273916059672403,0,0,0,0,-0.41292666389962,0,0,0,-0.348846280943445,0,-0.35731401091275,0,0.542371337385308,0,0,0,0,-0.270529836135372,0,0,-0.228732607260964,0,0,0.545030353774497,-0.564245043436771,-0.395704147235978],[-0.231343013861881,-0.295824122155255,0.734745084472815,-0.439742138873003,0,-0.393400783081427,-0.340747516868586,-0.235152645857727,-0.235944295444963,0,0.452178001818803,0.554875651504878,0,-0.338979025561511,0,0.823791393058855,0,0.947501011846463,0.938501904468644,0.436269458839046,0.878982575484167,0.934656670032347,1,0.759528988180785,0.349825732287878,0.807021902830702,0.243720320947248,0.906262378330203,-0.233059042942407,0.944941793291121,0.237307718755623,0.351204050349901,0.544254858985486,0,0,0,0,-0.459382977891801,0.801113888573375,0,-0.460157630092959,0.793499318943425,0,0,0,0.424573344094524,-0.364271494752309,-0.390499294945991,-0.369296753696985,0,0.677062993362608,0,-0.229025396697126,0,-0.230986316126161,0,0,0,-0.46045948009255,0,0,0,-0.231491998377786,0,0,-0.479505045935727,-0.302652126132222,0,-0.261635870897148,-0.468843773334032,0,-0.243468780031427,0,-0.232597154355712,-0.228392229889551,0.404840847760215,-0.628681279642228,0,-0.414326444371194,0,-0.313260854014799,0,0.256191885540754,-0.346967418655909,0,0,-0.269404908495181,-0.346379021893823,0,-0.256911695950565,-0.240279279251857,0.610739271517157,0,0,0,0,-0.321023942051226,0,0,-0.25053427008375,0,0,0.644783733985985,-0.627075633111866,-0.457575586486766],[-0.24656462475511,-0.318098930740382,0.960488502617064,-0.310879708744721,0,-0.479753645659754,0,0,-0.230376742553967,0,0.790328934542287,0.335970466103379,0,-0.506445262582604,-0.236048605586583,0.845613868036548,0.237691103960943,0.72944261760838,0.74577671393089,0.275453167715397,0.724744434159752,0.662947658453662,0.759528988180785,1,0.712388149491099,0.555729252925367,0.415836917854443,0.741722572927261,-0.263372456071657,0.761431841146992,0.341261065132542,0,0.440397784277073,0,-0.271644558002338,0,0,-0.484005880495062,0.684835757972218,0,-0.516955128790143,0.827605240854582,-0.286858475545446,0,0,0.636141066124292,-0.474908025306482,-0.332893012836635,-0.376386829841103,0,0.545289172017921,0,0,0,-0.319420868827951,0,0,0,-0.386931061104726,0,0,0,0,0,0,-0.488066948314893,-0.383101978914718,0,0,-0.582510871251023,0,0,0,0,0,0.356944360013663,-0.741479321122566,-0.223844862820175,-0.382625383801276,0,-0.315085598474132,0,0.26726690088571,0,0,0,0,-0.26327759798904,-0.291235894855773,0,0,0.516678473604206,0,-0.252525976118664,0,0,0,-0.268448181364155,0,-0.336270293150202,0,0,0.614007725141769,-0.575860158855569,-0.379051671423417],[-0.287286819059873,0,0.676955961533079,0,0,-0.306358954148645,0,0,0,0,0.947179805661254,0,0,-0.399295075551823,0,0.5066710668355,0,0.321736003434108,0.337429757400238,0,0.346507261344253,0.300315343122584,0.349825732287878,0.712388149491099,1,0.240571967153672,0.491975163740653,0.325666713696826,-0.239575304807545,0.368464671017638,0,0,0.25987724759638,0,0,0,0,-0.298877021112122,0.443799005684588,0,-0.329213055017671,0.468592719535413,0,0,0,0.546618879769786,-0.31330588560738,0,-0.375765120894307,0,0.277340824972021,0,0,-0.241676604735908,-0.228729559024978,-0.316460666580554,0,0,0,0,0,0,0,-0.296863726383536,0,-0.41562293155274,-0.415921336606742,0,0,-0.367433990594605,0,0,0,0,0,0.237669243228684,-0.492371397602844,0,0,0,0,0,0,0,0,0,0,0,-0.221584877398726,0,0,0.308725687396417,0,0,0,0,0,0,0,-0.247105559152041,0,0,0.345049687286879,-0.488699340483816,0],[0,-0.361527565144634,0.537375233093591,-0.512648053290258,0,-0.29247688007366,-0.43187460300955,-0.228640762914892,0,0,0.301025243567839,0.473468762522213,0,0,0,0.629754828635914,0,0.806744312337712,0.780702286218536,0.403228466924301,0.901072360474989,0.82657861929987,0.807021902830702,0.555729252925367,0.240571967153672,1,0.260682035960184,0.760670683628574,0,0.814690602854556,0,0.617518865500112,0.451254509131733,0,0,0,0,-0.325359038229938,0.655745660412242,0,-0.343471108958936,0.578766264616083,0,0,0,0.312288893432384,-0.22042238222864,-0.3540586000508,-0.224725394971076,0,0.550212853716423,0,-0.345527763693703,0,0,0,0,0,-0.284087519083497,0,0,0,0,0,0,-0.393898679084111,-0.278818230777088,0,-0.234806559304949,-0.28550853647018,0,0,0,0,0,0.308101745146086,-0.408907366529252,0,-0.335922106161008,0,0,0,0,-0.45952851253625,-0.235393764821298,0,0,-0.325482307878402,0,-0.268253115230751,-0.237120509916681,0.502694842715488,0,0,0.315507193783881,0,-0.323519595080822,0,0,0,0,0,0.568872307614258,-0.543751809082521,-0.388871768584809],[-0.297214097310537,-0.568776478036058,0.45837972827313,0,0,-0.541392937605377,0,0,0,0,0.411137519909569,0,0,0,0,0.44341222767229,0,0,0,0,0.228364067976,0.277036115072623,0.243720320947248,0.415836917854443,0.491975163740653,0.260682035960184,1,0.242588444999763,0,0.270375334625496,0.290454365892518,0,0,0,-0.571093721022466,0,0,-0.262509908824917,0.28429948630444,0,-0.465983683880719,0.342204330547332,-0.267487611854797,0,0,0.713675241398043,-0.479858486587558,0,0,0,0,0,0,0,0,0,0,0,0,0,0.246069802861958,0,0,0,0,-0.378078095233757,-0.337762590969056,0,0,-0.457607654511321,0,0,0,0,0,0,-0.293711700934826,0,0,0,0,0,0.222624364259233,0,0,0,0,0,-0.262009262013055,-0.220737043935446,0,0,0.253461142618436,0,0,0.228421879348965,-0.352564104400011,0,0,-0.582578939565629,0,0,0,-0.404894429874817,0],[0,-0.309268998647173,0.717897031670465,-0.367306899424164,0,-0.461392365420914,-0.266661762277909,0,0,0,0.439344641765294,0.554049394826245,0,-0.37171006179568,-0.232096703663241,0.821764893221551,0,0.87930120571126,0.88919280907339,0.405700645888635,0.869172603994958,0.834382949163077,0.906262378330203,0.741722572927261,0.325666713696826,0.760670683628574,0.242588444999763,1,0,0.884430913187182,0.244533528411033,0.279101448175052,0.547653544032271,0,-0.251525996237912,0,-0.240212334815514,-0.482098366524076,0.775181467923929,0,-0.422110954422222,0.796197442197162,0,0,0.236240369151725,0.460106547840631,-0.350376651333069,-0.417756181305529,-0.221745783510826,0,0.696727741766089,0,0,0,0,0,0,0,-0.470397527615318,0,0,0,0,0,0,-0.501023090217749,-0.279139933841815,0,-0.287628801287098,-0.464860125134097,0,0,0,0,0,0.348157626235776,-0.642059690087499,0,-0.427974558762454,0,-0.333584529191911,0,0.237168607796014,-0.296305640452627,0,0,0,-0.300047879842329,0,0,-0.263560040201769,0.615773315559556,0,0,0,0,-0.357103137275092,0,0,-0.316106090514713,0,0,0.673475405512966,-0.59475353832357,-0.470057787633222],[0,0,-0.250109318149311,0,0,0,0,0,0,0,-0.292541747078854,-0.267216332258853,0,0,0,0,0,-0.277425686370616,-0.268049940614544,0,0,0,-0.233059042942407,-0.263372456071657,-0.239575304807545,0,0,0,0.999999999999999,0,0.225304236101371,0,0,0,0,0,0,0,0,0,0,0,0,0,0.69933793596584,0,0,0,0,0,-0.28944176665386,0,0,0,0.230771185819575,0,0,0,0,0,0,0,0,0,0,0,0,0.735465585006314,0,0,0,0,0,0,0,0,0,0,0,0,0,0,0,0,0,0,0,0,0,0,0,0,0,0,0,0.222479993786758,0,0,0,0,0,0,0,0,0],[0,-0.276659388794382,0.737962252233933,-0.448073167529303,0,-0.379198915747921,-0.342782083696502,0,-0.231911734628717,0,0.429545998578616,0.425216989873248,0,-0.232431660158873,0,0.838428605493066,0.273830703742319,0.865039794294777,0.852762835460596,0.380731662876966,0.839728721634111,0.94154723762973,0.944941793291121,0.761431841146992,0.368464671017638,0.814690602854556,0.270375334625496,0.884430913187182,0,1,0.303016270638581,0.423905273285731,0.586724387249109,0,-0.228755650152142,0,0,-0.461235045004189,0.752985825492918,0,-0.507488846225553,0.763173000749696,0,0,0,0.377592637214373,-0.410150521098585,-0.381057448378356,-0.332555434080971,0,0.536572593941423,0,-0.282996561211922,0,0,0,0,0,-0.360687812982888,0,0,0,0,0,0,-0.465383906201049,-0.309570840674661,0,-0.29021937060466,-0.488131424115732,0,0,0,0,0,0.340827332959047,-0.612498490633287,0,-0.39840831776017,0,-0.312776184901421,0,0.250786320034501,-0.372605040378306,0,0,0,-0.348731486414592,-0.236483843552247,-0.325961141993963,-0.260708091863124,0.618105731687946,0,0,0,0,-0.273535729789031,0,0,-0.266579123525276,0,0,0.609791878338014,-0.608338943705425,-0.457552679356299],[0,0,0.344617187549795,0,0,-0.265712732949586,0,0,0,0,0,0,0,0,-0.225328203473307,0.438208210750934,0,0,0,0,0,0.25328996689701,0.237307718755623,0.341261065132542,0,0,0.290454365892518,0.244533528411033,0.225304236101371,0.303016270638581,1,0,0,-0.301987521066406,-0.298308464553819,-0.310660455989549,0,0,0,0,-0.5108853374057,0.325530539463878,-0.334034914891075,0,0,0,-0.455776935791148,0,0,0,0,0.365827403149565,0,0,0,0,0,0,0,0,0,0,0,0,0,0,0,0,0,-0.417207105841312,0,0,0,0,0,0,-0.287073456843819,0,0,0,-0.245908584793407,0,0,0,0,0,0,0,-0.2794723947827,-0.436182861703497,0,0,0,0,0,0,0,0,0,-0.281609437327724,0,0,0,-0.225649633213519,-0.232147555142111],[0,-0.378043501617547,0,-0.474882440893593,0,0,-0.409226984079828,0,0,0,0,0,0.240298466333355,0.417414083584563,0,0.266779362600643,0,0.292030484608817,0.23936852997199,0,0.367149689191718,0.517503556836747,0.351204050349901,0,0,0.617518865500112,0,0.279101448175052,0,0.423905273285731,0,1,0.252415749255214,0,0,0,0,0,0,0,-0.313679170868515,0,-0.231789741519915,-0.235511067334939,0,0,0,0,0,0,0,0,-0.339773543729418,0,0,0,0,0.266799705972204,0.25382156567332,0,0,0,0,0,0,0,-0.237757931591265,0,0,0,0,0.228445692762255,0,0,0.220545763563326,0,0,0,0,0,0,0,0,-0.460825751922978,0,0,0,-0.288816996018463,0,-0.373725799677796,0,0,0,0,0.31432456095357,0,0,0,0,0,0,0,0.305224284642217,0,0],[-0.295517800545971,-0.273178425263101,0.413526211515875,0,0,-0.237535154001911,0,0,0,-0.224428620447806,0.237280372680427,0,0,-0.286303293470288,0,0.408548805155069,0,0.506077954664009,0.492433493877299,0,0.488569811366284,0.509607114884381,0.544254858985486,0.440397784277073,0.25987724759638,0.451254509131733,0,0.547653544032271,0,0.586724387249109,0,0.252415749255214,0.999999999999999,0.330138746287663,-0.227419289066207,0,0,-0.307329271408783,0.464382684067867,0,-0.265815483728159,0.31053727762079,0,0,0,0,-0.228668843387662,-0.263675907031818,-0.23885722517517,0,0.289263897619964,0,0,0,0,0,0,0,-0.30895893428409,-0.235309700136782,0,0,0,-0.408400209393498,0,-0.273091081749392,0,0,0,-0.25364411845844,0,0,-0.298004366152278,0,0,0,-0.36314022735488,0,-0.353542890984898,0,-0.337151232931331,0,0,0,-0.29175662435233,0,0,-0.335926534944405,0,0,-0.357372043573041,0.962409498926043,-0.337130285748535,0,0,0,-0.330401743774331,0,0,0,0,0,0.257694085547386,-0.324482160902134,-0.45841563477741],[-0.275921144439683,0,0,0.442408995583019,0,0,0.444238037849994,-0.290153191433112,0,0,0,0,0,-0.25300889201822,0,-0.318032481168114,0,0,0,0,0,0,0,0,0,0,0,0,0,0,-0.301987521066406,0,0.330138746287663,1,0,0,0,0.26374789685506,0,0,0.340904025041233,-0.290514196114705,0,0,0,0,0.258472172130053,0,0,0,0,0,0,0,0,0,0,0,0,0,0,0,0,-0.249431410324191,0,0,0,0,0,0.250989993868959,0,0,0,0,0,0,0,0,0,0,0,0,0,0,-0.26645193062727,0,0,0,0,0,-0.314972773766974,0.335814356420293,-0.336070784444937,0,0,0,0,0.249223629339488,0,0,0,0,0,0,0],[0,0.428521147555148,-0.383788882286063,0,0.256596645251388,0.894203127300859,0,-0.250158422356041,0,0,0,0,0,0,0.356619672655484,-0.297397169087339,0,0,0,0,0,0,0,-0.271644558002338,0,0,-0.571093721022466,-0.251525996237912,0,-0.228755650152142,-0.298308464553819,0,-0.227419289066207,0,1,0.336863183612231,0,0,0,0,0.316758135623224,-0.239301463824232,0.252802202129901,0,0,-0.40129222279736,0.3167171688245,0,-0.282660391842174,0,0,-0.230743769136965,0,0,0,-0.228474714332596,0,0,0,0,-0.405515860596298,0,-0.341435676080113,0,0,0.263552329439553,0,0,0,0.271376051238783,0,-0.342225175469783,0.228685616425347,-0.337544135087142,-0.313892423108434,0,0.243620770195706,0,0,0,0.353678214908781,0,0,0,0.241586244637402,0,0,0.241940778134752,0.346291886723755,0,0,0,0,0,0,0,0.735368183015444,0,0,0.967991408569725,0,0,0,0,0.276672848169357],[0,0,-0.25001309253731,0,0,0.270929324807603,0,0,0,0,0,0,0,0,0.706135648353186,0,0,0,0,0,0,0,0,0,0,0,0,0,0,0,-0.310660455989549,0,0,0,0.336863183612231,0.999999999999999,0,0,0,0,0.220366801638542,0,0.28865101556892,0,0,0,0,0,0,0,0,-0.307770753716962,0,0,0,0,-0.271097836098879,0,0,0,0,0,-0.335077937307978,0,0,0,0,0,0,0,0,-0.316663810054118,0,-0.307655222107267,-0.295596741117683,0,0.287560118326602,0,0.599868934433363,0,0.740829861941655,0,0,0,0,0,0,0.385791783625304,0.294888659572128,0,0.249607235888133,0,0,0,0,0,0.24037797116509,0,0,0.314865817806091,0,0,0,0,0.466556440302896],[0,0,-0.22192341858477,0,0,0,0,0,0,0,0,0,0,0,0,0,0,0,0,0,0,0,0,0,0,0,0,-0.240212334815514,0,0,0,0,0,0,0,0,1,0,0,0,0,0,0.264595434895635,0,0,0,0,0,0,0.262186419856179,0,0,0,-0.275135855474056,0,-0.251047155342881,-0.309805360521396,0,0,0,0,0,0,-0.267242673753795,0,0,0,0,0.320167665424863,0,0,0,0.34603894838066,0,0,0,0,0.307944116987475,0,-0.34706667584947,0,0,0,0,0,-0.292522707303252,0,0,0,0,0,0,0,0,0,0.373789736946726,0,0.399655490849355,0,0,0,0,0,0,0],[0,0,-0.469186581972006,0,0,0.309068186340713,0,0,0,0,-0.350707684935383,0,0,0,0,-0.524898334268928,0,-0.44173635379062,-0.454472393960011,-0.260760325521021,-0.399876851487541,-0.417390667025229,-0.459382977891801,-0.484005880495062,-0.298877021112122,-0.325359038229938,-0.262509908824917,-0.482098366524076,0,-0.461235045004189,0,0,-0.307329271408783,0.26374789685506,0,0,0,1,-0.448259110381161,0,0.403948321120476,-0.497843770560636,0,0,0,-0.377677202199032,0.301726935520249,0.50583558233267,0,0,-0.277745326524203,0,0,0,0.256353316646333,0,0,0,0,0,0,0,0,0,0,0.348812617531702,0.278932143622062,0,0,0.356522670906607,0,0,0,0,0,-0.300791524484593,0.417319410082656,0,0,0,0,0,0,0,0,-0.224658556027589,0,0,0,0,0,-0.336118060220508,0,0,0,0,0,0,0,0.255497386750107,0,0,-0.32344394059803,0.370869720630973,0.239104059475049],[-0.429479400105274,-0.239923265983855,0.643360138905482,-0.418645874221127,0,-0.321739375286343,-0.390953141930306,-0.307303253494344,0,0,0.549085627601784,0.531119598207784,0,-0.514881954181582,0,0.731387183602811,0,0.791812581693027,0.807911531325877,0.367262732406884,0.765262943712834,0.70175207429869,0.801113888573375,0.684835757972218,0.443799005684588,0.655745660412242,0.28429948630444,0.775181467923929,0,0.752985825492918,0,0,0.464382684067867,0,0,0,0,-0.448259110381161,1,0,-0.406195783492727,0.73229400986,0,0.298488402692452,0.275932653011887,0.53718730564392,-0.363903017411877,-0.382131440879556,-0.360358276158509,0,0.61218293543508,-0.260274829703977,0,0,0,-0.228596364519491,0,-0.273181934900299,-0.550954218859905,0,0,0.247205901400035,-0.397641615034223,0,0,-0.426840015254062,-0.302414569835223,0.251628660990706,0,-0.479842496940081,0,-0.417304329504469,0,-0.388929814206534,-0.400137285107744,0.40280896205443,-0.622439975793967,0,-0.297206422930187,0,0,0,0,0,0,0,-0.272770786125772,0,0,0,0,0.558192048902365,0,0,0,0,0,0,0,0,0,0,0.603187445091699,-0.669842039718103,-0.300022914945466],[0,0,0,0,0,0,0,0,0,0,0,0,0,0,0,0,0,0,0,0,0,0,0,0,0,0,0,0,0,0,0,0,0,0,0,0,0,0,0,1,0,0,0,0,0,0,0,0,0,0,0,0,0,0,0,0,0,0,0,0,0,0,0,0,0,0,0,0,0,0,0,0,0,0,0,0,0,0,-0.362337266468337,0,-0.317538212642803,0.85608632649009,0.36573501807826,0,0,0,0,0,0,0,0,0,0,0,0,0,0,0,0,0,0,0,0,0,-0.261678116117509],[0,0.298453006179135,-0.51730551813865,0.285944552233462,0,0.329492811796107,0,0,0,0,-0.31429785555935,0,0,0,0.260524596545055,-0.593244523568,-0.227676297391854,-0.397131402492458,-0.369697762682361,0,-0.34084427651393,-0.509905009312018,-0.460157630092959,-0.516955128790143,-0.329213055017671,-0.343471108958936,-0.465983683880719,-0.422110954422222,0,-0.507488846225553,-0.5108853374057,-0.313679170868515,-0.265815483728159,0.340904025041233,0.316758135623224,0.220366801638542,0,0.403948321120476,-0.406195783492727,0,1,-0.515945138101428,0.237301228727118,0,0,-0.409166707396158,0.612823170034249,0,0,0,0,0,0,0,0,0,0,0,0,0,0,0,0,0,0,0.327960710978913,0.312502190852442,0,0.278758302994899,0.599207868993698,0,0,0,0,0,0,0.448919230317997,0,0,0,0,0,-0.286152998774273,0,0,0,0,0,0,0.403488070740851,0,-0.240471898709905,0,0,0,0,0,0,0,0.317722765739844,0,0,-0.264801615123841,0.368672719130517,0.271566814323947],[-0.310564976790714,-0.249286939539287,0.840284590085331,-0.392116455951236,0,-0.511190376209093,-0.341580015684825,0,0,0,0.613666779977174,0.459173251733358,0,-0.396248146643151,0,0.926631251579511,0,0.777976470528823,0.800461952040778,0.380462555718384,0.727097377134844,0.71968529509912,0.793499318943425,0.827605240854582,0.468592719535413,0.578766264616083,0.342204330547332,0.796197442197162,0,0.763173000749696,0.325530539463878,0,0.31053727762079,-0.290514196114705,-0.239301463824232,0,0,-0.497843770560636,0.73229400986,0,-0.515945138101428,1,0,0.27862459645579,0.319700029885893,0.649066153214574,-0.445507785512559,-0.321583437278522,-0.29585804545379,0,0.585140233159548,0,0,0,-0.295515177095573,0,0,0,-0.463960836853303,0,0,0.246549221829821,-0.311257737051734,0,0,-0.409296377753853,-0.267180899559769,0.29183548180668,0,-0.56694546980729,0,-0.280853198621044,0,-0.25268880839036,-0.290743811402057,0.329621212141668,-0.66796157886051,0,0,0,0,0,0,-0.251465952788911,0,0.235364957041803,-0.260427634008332,0,0,0,0,0.406274024686122,0,0,0,0,-0.252967465783023,0,0,-0.325489824328736,0,0,0.654359478398888,-0.554815841483273,-0.27197998412067],[-0.358232179661043,0.234746381445613,-0.262580861923442,0,0,0,0,0,0,0,0,0.37341147671821,-0.233200855805855,0,0,-0.229408616700675,-0.534869682856445,0,0,0,0,0,0,-0.286858475545446,0,0,-0.267487611854797,0,0,0,-0.334034914891075,-0.231789741519915,0,0,0.252802202129901,0.28865101556892,0.264595434895635,0,0,0,0.237301228727118,0,1,0,0,0,0.239666111759407,0,0,0.384744147176404,0,-0.260762239274595,0,0,0,0,-0.221975320035353,-0.264659765223323,-0.339847130839384,0,-0.392498173046819,0,-0.385696257575919,0,0,0.250463028200693,0.288255496883081,0,0,0,0.240374690532421,-0.426703137856481,0,-0.295661839253433,-0.34375419007064,0,0,0.561355403941353,0,-0.225488206354905,0.240324665459289,0,0,0,0.230641371020552,0,0,0,0.360151915123841,0.273653221267728,0.230621395987569,0,0,0.457825954979824,0,0,0,0.552921316736645,0,0,-0.372375486257056,0,0,0,0],[0,0.271515829279476,0,0,0,0,0,-0.363414263813516,0,0,0.254298224453961,0.339146967356817,0,-0.330887255970772,0,0.230034457245099,0,0.235252430469759,0.260124920763325,0.280842096444191,0.232616378920092,0,0,0,0,0,0,0,0,0,0,-0.235511067334939,0,0,0,0,0,0,0.298488402692452,0,0,0.27862459645579,0,1,0,0.268981298214454,0,0,-0.25310730978116,0.347174870005359,0.321668367760284,0,0,-0.300078488018719,0,-0.39362723666308,0,-0.302611066704683,-0.395296847153966,0,-0.334708529812307,0.257584666961031,-0.311062239980139,0,-0.257849429314824,0,0,0,0,0,0,-0.386451675764679,0,-0.301381284525457,-0.28993038224619,0,-0.306274443517411,0,0,-0.220618292870655,0,0,0,0,0,0,-0.288652187854268,0,0,0,0,0,0.429521341427656,0,0,0,0,0,0,0,0,0,0,-0.260646537257838,0],[-0.223121013839244,0,0,0,0,-0.338380683573375,0,0,0,0,0,0,0,-0.386919366042957,0,0,0,0,0,0,0,0,0,0,0,0,0,0.236240369151725,0.69933793596584,0,0,0,0,0,0,0,0,0,0.275932653011887,0,0,0.319700029885893,0,0,1,0.25958046385413,0,0,0,0,0,0,0,0,0,0,0,-0.238109712167353,-0.408107095165708,0,-0.265972610965248,0,-0.284799378582455,0,0,0,0,0.870860302433955,0,-0.261018468634131,0,-0.308966587569699,0,0,0,0,-0.283330714806193,0,0,0,0,0,0,0,0,0,0,0,0,0,0,0,0,0,0,0,-0.26631135521311,0,0,-0.221658405790501,0,0,0.259233432753784,-0.228721335791519,0],[-0.437124439772152,-0.336603813295874,0.675620378144972,0,0,-0.596732256581669,0,0,0,0,0.643390935575028,0.309916400435263,0,-0.416259834820709,0,0.574439364549894,0,0.42734982467966,0.443117514716978,0,0.432138042659828,0.33994915683698,0.424573344094524,0.636141066124292,0.546618879769786,0.312288893432384,0.713675241398043,0.460106547840631,0,0.377592637214373,0,0,0,0,-0.40129222279736,0,0,-0.377677202199032,0.53718730564392,0,-0.409166707396158,0.649066153214574,0,0.268981298214454,0.25958046385413,1,-0.413495926502518,-0.245010223934957,0,0,0.36968808277096,0,0,0,0,0,0,0,-0.282112966202287,0,0,0,-0.270753542424977,0,0,-0.393166324195503,-0.265348754233024,0.259539244689856,0,-0.505822519202889,0,-0.245850776325172,0,0,-0.224558199002579,0,-0.50661562783784,0,0,0,0,0,0,0,0,0.220436789462757,0,0,0,0,0,0.23229921044259,0.312815369445863,0,0,0,-0.311004331743927,0,0,-0.471636707021581,0,0,0.355739593157444,-0.496563718950948,0],[0.257213922778453,0.271275536531794,-0.481481902573534,0,0,0.34439061594361,0,-0.28121905526252,0,0,-0.298093430101043,0,0,0,0.232786657467206,-0.531868978283138,0,-0.275203639712859,-0.269266077099466,0,-0.242245502053617,-0.375336535301302,-0.364271494752309,-0.474908025306482,-0.31330588560738,-0.22042238222864,-0.479858486587558,-0.350376651333069,0,-0.410150521098585,-0.455776935791148,0,-0.228668843387662,0.258472172130053,0.3167171688245,0,0,0.301726935520249,-0.363903017411877,0,0.612823170034249,-0.445507785512559,0.239666111759407,0,0,-0.413495926502518,1,0,0,0,0,0,0,0,0,0,0,0,0,0,0,0,0,0,0,0,0,0,0,0.969880575438375,0,0,0,0,0,0,0.370881680131663,0,0,0,0,0,-0.222089466059311,0,0,0,0,0,0.305529470598132,0.243332540076166,0,0,0,0,0,-0.283394167265718,0,0,0,0.342445261216803,0,0,0,0.323807516166988,0],[0,0,-0.294034713223955,0,0,0,0,0,0,0,-0.278335484005258,-0.407862804195497,0,0,0,-0.317959669282347,0,-0.435872934940024,-0.441406551527311,-0.265508488949485,-0.416214864009085,-0.340688244092116,-0.390499294945991,-0.332893012836635,0,-0.3540586000508,0,-0.417756181305529,0,-0.381057448378356,0,0,-0.263675907031818,0,0,0,0,0.50583558233267,-0.382131440879556,0,0,-0.321583437278522,0,0,0,-0.245010223934957,0,1,0,0,-0.378699148231197,0.352613878464791,0.228691436512322,0,0,0,0,0,0.245738763353312,0,0,0,0,0,0,0.234976799391982,0,0,0,0,0,0,0,0,0,-0.255820726997024,0,0,0,0,0,0,0,0,0,0,0,0,0,0,0,-0.306823349923586,0,0,0,0,0,0,0,0,0,0,-0.373493726840174,0.28042454107861,0],[0,0,-0.285667653513171,0,0,0,0,0,0,0,-0.396013823549362,0,0,0.310460568504156,0,-0.305942492937048,0,-0.39978176228703,-0.391424933064246,0,-0.286280980232253,-0.338257803345134,-0.369296753696985,-0.376386829841103,-0.375765120894307,-0.224725394971076,0,-0.221745783510826,0,-0.332555434080971,0,0,-0.23885722517517,0,-0.282660391842174,0,0,0,-0.360358276158509,0,0,-0.29585804545379,0,-0.25310730978116,0,0,0,0,0.999999999999999,0,-0.272681