var cor_kendall_para_first = [[0,0,-0.168793245730972,0,0,0.252205929029391,0,0,0,0,-0.185044118580588,-0.220973782771536,0,0.288516473052752,0,0,0.195200914111598,0,0,0,0,0,0,0,0,0,-0.206119469307434,0,0,0,0,0,-0.211197867072938,0,0.173490763664064,0,0,0,-0.332317653780232,0,0,-0.175268202881991,-0.273916079476925,0,-0.190503396178506,-0.344124928585031,0.16409572779788,0,0,-0.206373389195709,0,0,0,0,0,0,0,0.231638418079096,0.253983368247318,0,0,0,0.194185234558497,0,0,0,0,-0.22021202310671,0,0.188725956960579,-0.238240335174253,0.19774011299435,0,0.163714847965467,0.206627309083984,0,0.199517552212277,-0.286865993778963,0,0,0,0,0,0,0,0,0.197105313273662,0,0,0,0,-0.212340506570177,0,-0.19189995556402,0,0,0.299815908081,-0.259569605789373,0,0.191646035675744,0.279121437186568,0,0,0.211197867072938,0],[0,0,-0.189614676569542,0.192534755284708,0,0.263378404113502,0,0,0,0,0,0,0,0,0,-0.190630356122643,0,-0.165238367295118,0,0,-0.220338983050847,-0.188472037072304,-0.191011235955056,-0.186440677966102,0,-0.250301529867327,-0.398082904843522,-0.171967244334412,0,-0.187456357519203,0,-0.265536723163842,-0.167777566177871,0,0.302989906684441,0,0,0,0,0,0.173871643496477,0,0,0.19456611439091,0,-0.198374912715038,0.190757316066781,0,0,0,0,0,0,0,0,0,0,0,0,0,-0.200533231765378,0,0,0,0,0.192153875452295,0.175014282993715,0,0,0.173998603440614,0,0,0,0,0,0,0,0,0,0,0,0,0,0.191392115787469,0,0,0,0.171840284390275,0.162064368691678,0,0,0,0,0,-0.188218117184028,0,0.269345521487971,0,0,0.299561988192725,0,0,0,0.16193740874754,0.191519075731607],[-0.168793245730972,-0.189614676569542,0,0,0,-0.382085951882181,0,0,0,0,0.538119723227322,0.188852916904717,0,-0.279248397130705,-0.193042595061258,0.610740811274043,0,0.477940709706088,0.471719672443344,0,0.480987748365391,0.457754078588205,0.520980130768742,0.810956643179077,0.462705516409573,0.372056116295309,0.275820478638989,0.540024122389386,-0.172475084110963,0.521741890433568,0.259442645845236,0,0.254999047800419,0,-0.247000571319749,0,0,-0.336761251825049,0.426394972386212,0,-0.314416301656827,0.617469688313337,-0.163460928077192,0,0,0.449628642163397,-0.321653018472672,-0.204342030089507,-0.179711800926808,0,0.35809052244017,0,0,0,-0.224655621151527,0,0,0,-0.250301529867327,0,0,0,0,0,0,-0.272773439979686,-0.215514505173618,0,0,-0.380054592775979,0,0,0,0,0,0.187456357519203,-0.467022154510252,0,-0.173744683552339,0,-0.176029962546816,0,0,0,0,0,-0.168031486066146,0,-0.18174316003301,0,0,0.300831587634101,0,0,0,0,-0.231892337967371,-0.180854440424046,0,-0.28115279629277,0,0,0.361010601155336,-0.330413254618168,-0.265790643052117],[0,0.192534755284708,0,0,0,0,0.799911128039104,0,0,-0.215895385006031,0,0,0,0,0,-0.284834634672761,0,-0.214752745508792,-0.214117945788104,-0.186440677966102,-0.273916079476925,-0.309083984003047,-0.269726401320383,-0.169681965339935,0,-0.340697010093316,0,-0.206246429251571,0,-0.298419348695487,0,-0.329270615120929,0,0.281787596013458,0,0,0,0,-0.243953532660446,0,0.168031486066146,-0.242810893163207,0,0,0,0,0,0,0,0,0,0,0.168793245730972,0.194058274614359,0,0.220973782771536,0,0,0,0,0,0,0,0,0,0,0,0,0,0,0,0,0,0,0,0,0,0,0,0,0,0,0,0.423220973782772,0,0,0,0.172602044055101,0,0,0,0,0,0,0,0,0,0,0,0,0,0,-0.232908017520472,0.219323303497746,0],[0,0,0,0,0,0,0,0,0,0,0,0,0,-0.170570684948899,0,0,0,0,0,0,0,0,0,0,0,0,0,0,0,0,0,0,0,0,0,0,0,0,0,0,0,0,0,0,0,0,0,0,-0.186567637910239,0,0,0,0,0,0,0,0,-0.212467466514315,-0.184790198692313,0,0,0,-0.321018218751984,0,0,0,0,0,0,0,0,-0.294864470259633,0,-0.375357074842887,-0.282930235510696,0,0,0,0,0,0,0,0,0,0,0,0,0,0,0,0,0,0,0,0,0,0,0,0,0,0,0,0,0,-0.183520599250936],[0.252205929029391,0.263378404113502,-0.382085951882181,0,0,0,0,0,0,0,-0.23354281724116,0,0,0.188725956960579,0.214244905732242,-0.306671745064432,0,-0.20205675109503,-0.208023868469498,0,-0.237097695677014,-0.198374912715038,-0.241541293721831,-0.304513426014093,-0.198501872659176,-0.185805878245414,-0.378531073446328,-0.283691995175522,0,-0.238748174950803,-0.170443725004761,0,0,0,0.70976956770139,0,0,0.247508411096299,-0.231511458134958,0,0.181235320256459,-0.330667174506443,0,0,-0.213864025899829,-0.414968577413826,0.224528661207389,0,0,0,-0.205357709642608,0,0,0,0,0,0,0,0,0,0,0,0,0,0,0.249539770202501,0,-0.18009268075922,0,0.229099219196344,0,0,0,0,0,0,0.321653018472672,0,0,0,0.185298038468863,0,0,0,0,0,0,0,0.221481622548086,0,0,0,0,0,0,0,0.507014536913604,0,0,0.786072494128103,0,0,0,0.2228781819336,0.162318288579953],[0,0,0,0.799911128039104,0,0,0,0,0,-0.215641465117755,0,0,0,0,0,-0.232527137688059,0,-0.165238367295118,-0.170697644893036,-0.193550434837809,-0.20789690852536,-0.239509934615629,-0.202945470703993,0,0,-0.2741699993652,0,0,0,-0.225798260648765,0,-0.268075922046594,0,0.291436551767917,0,0,0,0,-0.236589855900463,0,0,-0.229099219196344,0,0,0,0,0,0,0,0,0,0,0,0.227067860090142,0,0.259315685901098,0,0,0,0,0,-0.164984447406843,0,0,0,0,0,0,0,0,0,0,-0.186059798133689,0,0,0,0,0,0,0,0,0,0,0.389957468418714,0,0,0,0,0,0,0,0,0,0,0,0,0,0,0,0,0,0,-0.211832666793627,0.209420427855012,0],[0,0,0,0,0,0,0,0,0,0,0,-0.354281724116041,0,0,0,0,0,-0.186059798133689,-0.196851393385387,0,0,0,0,0,0,0,0,0,0,0,0,0,0,-0.192534755284708,0,0,0,0,-0.174379483273027,0,0,0,0,-0.211197867072938,0,0,-0.216276264838443,0,0,-0.201294991430204,-0.200533231765378,0,0,0,0,0,0,0.188725956960579,0.24103345394528,0,0.234431536850124,-0.17209420427855,0.249539770202501,0,0,0,0,0,0,0,0,0.295245350092046,0,0.227448739922554,0.240144734336317,0,0,0,0,0,0,0,0,0,0,0,0.224528661207389,0,-0.219577223386022,0,0,0,0,0,0,0,0,0,0,0,0,0,0,0,0],[0,0,0,0,0,0,0,0,0,0,0,0,0,0,0.186440677966102,0,0,0,0,0,0,0,0,0,0,0,0,0,0,0,0,0,0,0,0,0,0,0,0,0,0,0,0,0,0,0,0,0,0,0,0,0,0,0,0,0,0,0,0,0,0,0,0,0,0,0,0,0,0,0,0,0,0,0,0,0,0,0,0,0,0,0,0,0,0,0,0,0,0,0,0,0,0,0,0,0,0,0,0,0,0,0,0,0,0],[0,0,0,-0.215895385006031,0,0,-0.215641465117755,0,0,0,0,0,0,0,0,0,0,0,0,0,0,0,0,0,0,0,0,0,0,0,0,0,0,0,0,0,0,0,0,0,0,0,0,0,0,0,0,0,0,0,0,0,0,-0.22554434076049,0,-0.208531708246048,0,0,0.198755792547451,0,0.163207008188916,0,0,0,0,-0.195962673776424,-0.19024947629023,0,0,0,0,0,0,0,0,0,0,0,0,0,0,0,0,0,0,0,0,0,0,0,0,-0.179711800926808,0,0,0,0,0.177045642099917,0,0,0,0,0,0,0,0],[-0.185044118580588,0,0.538119723227322,0,0,-0.23354281724116,0,0,0,0,0,0.163207008188916,0,-0.347045007300197,0,0.387545229480099,0,0.29130959182378,0.300577667745826,0,0.307052624896845,0.24319177299562,0.302101187075478,0.56389259188726,0.798133688821177,0.206246429251571,0.227321779978417,0.318098140036818,-0.211324827017076,0.289405192661715,0,0,0.171459404557862,0,0,0,0,-0.221735542436361,0.360629721322923,0,-0.167904526122009,0.414841617469688,0,0.170443725004761,0,0.40671618104488,-0.219069383609471,-0.170062845172348,-0.262235764616264,0,0.284453754840348,0,0,0,-0.177680441820606,-0.168539325842697,0,0,-0.199009712435727,0,0,0,0,0,0,-0.269980321208659,-0.27848663746588,0,0,-0.285596394337586,0,-0.175014282993715,0,0,0,0.227829619754967,-0.390338348251127,0,0,0,0,0,0,0,0,0,0,0,0,0,0,0.219323303497746,0,0,0,0,0,0,0,0,0,0,0.288643432996889,-0.325842696629214,0],[-0.220973782771536,0,0.188852916904717,0,0,0,0,-0.354281724116041,0,0,0.163207008188916,0,0,-0.244080492604583,0,0.234304576905986,0,0.415095537357964,0.436551767917222,0.217926744112233,0.378277153558052,0.260077445565924,0.358598362216721,0.205738589475021,0,0.279756236907256,0,0.364438519647051,0,0.282422395734146,0,0,0.206119469307434,0,0,0,0,0,0.319367739478195,0,0,0.274550879197613,0.261220085063163,0.213229226179141,0,0.188218117184028,0,-0.280391036627944,0,0.258934806068685,0.412302418586936,-0.200533231765378,0,0,0,0,0,-0.192534755284708,-0.390084428362852,0,-0.20472290992192,0.211959626737764,-0.277470957912779,0,0,0,0,0,0,0,0,-0.296261029645147,0,-0.241668253665968,-0.286104234114137,0,-0.179457881038532,0,0,0,0,0,0,0,0,0,-0.231384498190821,0,0.174379483273027,0,0,0.261854884783851,0,0,0,0,-0.163460928077192,0,0,0,0,0,0.313146702215451,-0.231003618358408,0],[0,0,0,0,0,0,0,0,0,0,0,0,0,0,0,0,0.230495778581857,0,0,0,0,0,0,0,0,0,0,0,0,0,0,0.165873167015807,0,0,0,0,0,0,0,0,0,0,0,0,0,0,0,0,0,0,0,0,0,0,0,0,0,0,0,0,0,0,0,0,0,0,0,0,0,0,0,0,0,0,0,0,0,0,0,0,0,0,0,0,0,0,0,0,0,0,0,0,0,0,0,0,0,0,0,0,0,0,0,0,0],[0.288516473052752,0,-0.279248397130705,0,-0.170570684948899,0.188725956960579,0,0,0,0,-0.347045007300197,-0.244080492604583,0,0,0,-0.189360756681267,0,-0.267822002158319,-0.292071351488605,0,-0.268583761823145,0,-0.221989462324637,-0.325080936964388,-0.254364248079731,0,0,-0.251444169364565,0,0,0,0.253729448359043,-0.231003618358408,0,0,0,0,0,-0.355170443725005,0,0,-0.257284326794896,0,-0.21272138640259,-0.283945915063797,-0.27099600076176,0,0,0.193804354726084,0,-0.336634291880912,0,0,0,0,0,0,0.320256459087158,0.447216403224783,0,0.216403224782581,0,0.332825493556783,0,0,0.242430013330794,0,-0.219196343553609,0,0.198120992826763,0,0.365327239256015,0,0.284072875007935,0.302609026852028,-0.218815463721196,0.421443534564845,0,0.236335936012188,0,0.185298038468863,0,0,0,0,0,0.209801307687425,0,0,-0.188091157239891,0.171205484669587,-0.294864470259633,0,0,0,0,0,0,0,0,0,0,-0.264901923443154,0.254618167968006,0.222751221989462],[0,0,-0.193042595061258,0,0,0.214244905732242,0,0,0.186440677966102,0,0,0,0,0,0,0,0,0,0,0,0,0,0,0,0,0,0,0,0,0,0,0,0,0,0.223893861486701,0.48314606741573,0,0,0,0,0,0,0,0,0,0,0,0,0,0,0,0,0,0,0,0,-0.171840284390275,0,0,0,0,0,-0.170316765060623,0,0,0,0,0,0.170570684948899,0,0,0,0,-0.166254046848219,0,0,0.214117945788104,0,0.338284771154701,0,0.443407604900654,0,0,0,0,0,0,0.31213102266235,0.230495778581857,0,0.200279311877103,0,0,0,0,0,0.171967244334412,0,0,0.2100552275757,0,0,0,0,0.361772360820161],[0,-0.190630356122643,0.610740811274043,-0.284834634672761,0,-0.306671745064432,-0.232527137688059,0,0,0,0.387545229480099,0.234304576905986,0,-0.189360756681267,0,0,0,0.544467720434203,0.556274995239002,0.242683933219069,0.533295245350092,0.55957595378658,0.602996254681648,0.647178315241541,0.334983812607123,0.442391925347553,0.256776487018346,0.627118644067797,0,0.625595124738145,0.323430457690599,0.176283882435092,0.242810893163207,-0.204468990033644,-0.177172602044055,0,0,-0.369516917412556,0.512981654288072,0,-0.3885609090332,0.764997143401257,0,0.167396686345458,0.168793245730972,0.388180029200787,-0.352123405065702,-0.178696121373707,-0.215260585285343,0,0.334475972830572,0,0,0,0,0,0,0,-0.261220085063163,0,0,0,0,0,0,-0.320256459087158,-0.265028883387291,0,0,-0.407224020821431,0,0,0,0,0,0,-0.462959436297848,0,-0.185932838189551,0,0,0,0,-0.191011235955056,0,0,0,0,-0.162445248524091,-0.185044118580588,0,0.275439598806577,0,0,0,0,0,0,0,-0.213864025899829,0,0,0.426014092553799,-0.424871453056561,-0.242683933219069],[0.195200914111598,0,0,0,0,0,0,0,0,0,0,0,0.230495778581857,0,0,0,0,0,0,0,0,0,0,0,0,0,0,0,0,0,0,0,0,0,0,0,0,0,0,0,0,0,-0.359106201993271,0,0,0,0,0,0,-0.182885799530248,0,0,0,0,0,0,0,0,0,0,0,0,0.188979876848854,0,0,0,0,0,0,0,0,0.202183711039167,0,0,0.187456357519203,0,0,-0.431981209928268,0,0,0,0,0,0,0,0,0,0,0,0,0,0,0,0,0,0,0,-0.372690916015997,0,0,0.294229670538945,0,0,0,0],[0,-0.165238367295118,0.477940709706088,-0.214752745508792,0,-0.20205675109503,-0.165238367295118,-0.186059798133689,0,0,0.29130959182378,0.415095537357964,0,-0.267822002158319,0,0.544467720434203,0,0,0.900336443851965,0.333841173109884,0.718148924014473,0.672824223957341,0.806640005078398,0.505998857360503,0.201929791150892,0.588903700882372,0,0.719037643623437,-0.18491715863645,0.698470132673142,0,0.177807401764743,0.391607947692503,0,0,0,0,-0.286231194058275,0.573414587697581,0,-0.243826572716308,0.536977083730083,0,0,0,0.275439598806577,-0.190630356122643,-0.31479718148924,-0.247762330984574,0,0.508665016187393,0,0,0,0,0,0,-0.219323303497746,-0.38056243255253,0,0,0.180346600647496,-0.225798260648765,0,0,-0.280391036627944,-0.239382974671491,0,0,-0.272646480035549,0,-0.234177616961849,0,-0.235447216403225,-0.208785628134324,0.233923697073573,-0.413952897860725,0,-0.272265600203136,0,-0.173236843775789,0,0,0,0,0,-0.227194820034279,-0.200152351932965,0,0,-0.20205675109503,0.449120802386847,0,0,0,0,-0.192534755284708,0,0,0,0,0,0.451152161493049,-0.352504284898115,-0.37040563702152],[0,0,0.471719672443344,-0.214117945788104,0,-0.208023868469498,-0.170697644893036,-0.196851393385387,0,0,0.300577667745826,0.436551767917222,0,-0.292071351488605,0,0.556274995239002,0,0.900336443851965,0,0.324827017076113,0.710404367422078,0.640957277978798,0.792039611502571,0.509934615628769,0.202310670983305,0.557290674792103,0,0.731606678093062,-0.174887323049578,0.686155018091792,0,0,0.378784993334603,0,0,0,0,-0.291690471656192,0.58471402272583,0,-0.218307623944645,0.551831397194185,0,0,0,0.273027359867962,-0.190503396178506,-0.305783025455469,-0.235955056179775,0,0.520472290992192,0,0,0,0,0,0,-0.216403224782581,-0.399479464229036,0,0,0.212975306290865,-0.24319177299562,0,0,-0.276963118136228,-0.213864025899829,0,-0.165365327239256,-0.274296959309338,0,-0.253602488414905,0,-0.241414333777693,-0.229734018917032,0.230241858693582,-0.429568970989653,0,-0.262743604392814,0,0,0,0,0,0,0,-0.228337459531518,-0.180473560591633,0,0,-0.191265155843331,0.442899765124103,0,0,0,0,-0.172348124166825,0,0,0,0,0,0.479718148924014,-0.361010601155336,-0.344124928585031],[0,0,0,-0.186440677966102,0,0,-0.193550434837809,0,0,0,0,0.217926744112233,0,0,0,0.242683933219069,0,0.333841173109884,0.324827017076113,0,0.277724877801054,0.302228147019615,0.313400622103726,0.175522122770266,0,0.281025836348632,0,0.27632831841554,0,0.309845743667873,0,0,0,0,0,0,0,-0.2228781819336,0.249031930425951,0,0,0.237224655621152,0,0.16676188662477,0,0,0,-0.185678918301276,0,0,0.250301529867327,0,0,0,0,0,0,0,-0.177553481876468,0,0,0,0,0,0,0,0,0,0,0,0,0,0,0,0,0,0,0,0,0,0,0,0,0,0,0,0,0,0,0,0,0.16409572779788,0,0,0,0,0,0,0,0,0,0,0.202437630927442,0,-0.167396686345458],[0,-0.220338983050847,0.480987748365391,-0.273916079476925,0,-0.237097695677014,-0.20789690852536,0,0,0,0.307052624896845,0.378277153558052,0,-0.268583761823145,0,0.533295245350092,0,0.718148924014473,0.710404367422078,0.277724877801054,0,0.589030660826509,0.70659556909795,0.505998857360503,0.241287373833556,0.713832285913794,0.167904526122009,0.689582936583508,0,0.663937027867708,0,0.24585793182251,0.395162826128357,0,0,0,0,-0.271757760426585,0.568082270043801,0,-0.211832666793627,0.492033263505364,0,0,0,0.299561988192725,-0.185551958357138,-0.270361201041072,-0.188345077128166,0,0.465498635180601,0,-0.181616200088872,0,0,0,0,-0.162191328635815,-0.354662603948454,0,0,0.175014282993715,-0.162572208468228,0,0,-0.297911508918936,-0.231003618358408,0,0,-0.250555449755602,0,-0.171713324446137,0,-0.192534755284708,0,0.221735542436361,-0.414206817749,0,-0.332190693836095,0,-0.229607058972894,0,0,-0.21056306735225,0,0,-0.191138195899194,-0.206754269028122,0,0,-0.213990985843966,0.428807211324827,0,0,0.179457881038532,0,-0.209801307687425,0,0,0,0,0,0.456738399035104,-0.381197232273218,-0.39122706786009],[0,-0.188472037072304,0.457754078588205,-0.309083984003047,0,-0.198374912715038,-0.239509934615629,0,0,0,0.24319177299562,0.260077445565924,0,0,0,0.55957595378658,0,0.672824223957341,0.640957277978798,0.302228147019615,0.589030660826509,0,0.762584904462642,0.460674157303371,0.21272138640259,0.645400876023615,0.163460928077192,0.653399352504285,0,0.802704246810132,0.16460356757443,0.329524535009205,0.358217482384308,0,0,0,0,-0.297022789309973,0.494826382276392,0,-0.336126452104361,0.49063670411985,0,0,0,0.229607058972894,-0.243572652828033,-0.285977274169999,-0.218942423665334,0,0.33993525042849,0,-0.203326350536406,0,0,0,0,0,-0.18491715863645,0,0,0,0,0,0,-0.265282803275567,-0.282676315622421,0,-0.193804354726084,-0.277090078080366,0,0,0,0,0,0.192915635117121,-0.309718783723735,0,-0.163968767853742,0,0,0,0,-0.20789690852536,0,0,0,-0.210690027296388,0,-0.240779534057005,0,0.36773947819463,0,0,0,0,-0.167523646289596,0,0,0,0,0,0.356567003110519,-0.321906938360947,-0.27099600076176],[0,-0.191011235955056,0.520980130768742,-0.269726401320383,0,-0.241541293721831,-0.202945470703993,0,0,0,0.302101187075478,0.358598362216721,0,-0.221989462324637,0,0.602996254681648,0,0.806640005078398,0.792039611502571,0.313400622103726,0.70659556909795,0.762584904462642,0,0.547260839205231,0.235320256459087,0.607058972894052,0,0.751412429378531,0,0.804227766139783,0.167904526122009,0.223893861486701,0.400114263949724,0,0,0,0,-0.317590300260268,0.581159144289977,0,-0.292960071097569,0.556655875071415,0,0,0,0.277343997968641,-0.245096172157684,-0.282676315622421,-0.239509934615629,0,0.473497111661271,0,-0.172855963943376,0,0,0,0,-0.162826128356504,-0.335999492160224,0,0,0,0,0,0,-0.300323747857551,-0.250428489811464,0,-0.180600520535771,-0.310607503332699,0,-0.169047165619247,0,-0.164730527518568,0,0.232019297911509,-0.414587697581413,0,-0.257919126515584,0,-0.185298038468863,0,0.161683488859265,-0.176664762267505,0,0,-0.203199390592268,-0.221354662603948,0,-0.172729003999238,-0.16942804545166,0.433250809369644,0,0,0,0,-0.21272138640259,0,0,0,0,0,0.422332254173808,-0.381324192217355,-0.349203326350536],[0,-0.186440677966102,0.810956643179077,-0.169681965339935,0,-0.304513426014093,0,0,0,0,0.56389259188726,0.205738589475021,0,-0.325080936964388,0,0.647178315241541,0,0.505998857360503,0.509934615628769,0.175522122770266,0.505998857360503,0.460674157303371,0.547260839205231,0,0.500666539706723,0.373452675680823,0.25334856852663,0.554116676188663,-0.184282358915762,0.549546118199708,0.259061766012823,0,0.280010156795531,0,-0.167904526122009,0,0,-0.347045007300197,0.46714911445439,0,-0.317082460483717,0.611248651050594,-0.177045642099917,0,0,0.41369897797245,-0.337015171713325,-0.209293467910874,-0.247381451152162,0,0.357455722719482,0,0,0,-0.175268202881991,0,0,0,-0.268456801879007,0,0,0,0,0,0,-0.319367739478195,-0.277090078080366,0,0,-0.402272583000064,0,0,0,0,0,0.222370342157049,-0.518694851774265,0,-0.237351615565289,0,-0.193931314670222,0,0.163714847965467,0,0,0,0,0,-0.165873167015807,0,0,0.332952453500921,0,0,0,0,0,-0.186059798133689,0,-0.19774011299435,0,0,0.418777375737955,-0.381832031993906,-0.29714974925411],[0,0,0.462705516409573,0,0,-0.198501872659176,0,0,0,0,0.798133688821177,0,0,-0.254364248079731,0,0.334983812607123,0,0.201929791150892,0.202310670983305,0,0.241287373833556,0.21272138640259,0.235320256459087,0.500666539706723,0,0.181108360312321,0.27632831841554,0.23785945534184,-0.175014282993715,0.249539770202501,0,0,0.178315241541294,0,0,0,0,-0.21056306735225,0.283691995175522,0,-0.169935885228211,0.298292388751349,0,0,0,0.332571573668508,-0.217291944391544,0,-0.251063289532153,0,0.181870119977147,0,0,0,0,-0.181235320256459,0,0,0,0,0,0,0,-0.166127086904082,0,-0.264901923443154,-0.293467910874119,0,0,-0.246492731543198,0,0,0,0,0,0.201675871262617,-0.32711229607059,0,0,0,0,0,0,0,0,0,0,0,0,0,0,0.191646035675744,0,0,0,0,0,0,0,0,0,0,0.184790198692313,-0.309337903891322,0],[0,-0.250301529867327,0.372056116295309,-0.340697010093316,0,-0.185805878245414,-0.2741699993652,0,0,0,0.206246429251571,0.279756236907256,0,0,0,0.442391925347553,0,0.588903700882372,0.557290674792103,0.281025836348632,0.713832285913794,0.645400876023615,0.607058972894052,0.373452675680823,0.181108360312321,0,0.194312194502634,0.545102520154891,0,0.637783279375357,0,0.416746016631753,0.368501237859455,0,0,0,0,-0.205484669586745,0.463721195962674,0,-0.227067860090142,0.375230114898749,0,0,0,0.224401701263251,-0.164984447406843,-0.251825049196978,-0.168285405954421,0,0.339300450707802,0,-0.235447216403225,0,0,0,0,0,-0.204088110201232,0,0,0,0,0,0,-0.230114898749445,-0.250555449755602,0,0,-0.1972322732178,0,0,0,0,0,0.170443725004761,-0.255506887576969,0,-0.21487970545293,0,0,0,0,-0.280137116739669,0,0,0,-0.198120992826763,0,-0.167523646289596,-0.162953088300641,0.366850758585666,0,0,0.227448739922554,0,-0.215133625341205,0,0,0,0,0,0.353900844283629,-0.315178061321653,-0.300069827969276],[-0.206119469307434,-0.398082904843522,0.275820478638989,0,0,-0.378531073446328,0,0,0,0,0.227321779978417,0,0,0,0,0.256776487018346,0,0,0,0,0.167904526122009,0.163460928077192,0,0.25334856852663,0.27632831841554,0.194312194502634,0,0,0,0.172348124166825,0.181997079921285,0,0,0,-0.407477940709706,0,0,-0.213102266235003,0.176791722211642,0,-0.303243826572716,0.195454833999873,-0.17742652193233,0,0,0.496349901606043,-0.327239256014727,0,0,0,0,0,0,0,0,0,0,0,0,0,0,0,0,0,0,-0.205992509363296,-0.219831143274297,0,0,-0.291690471656192,0,0,0,0,0,0,-0.19507395416746,0,0,0,0,0,0,0,0,0,0,0,-0.162445248524091,0,0,0,0,0,0,0,-0.252967688694217,0,0,-0.414460737637275,0,0,0,-0.208023868469498,0],[0,-0.171967244334412,0.540024122389386,-0.206246429251571,0,-0.283691995175522,0,0,0,0,0.318098140036818,0.364438519647051,0,-0.251444169364565,0,0.627118644067797,0,0.719037643623437,0.731606678093062,0.27632831841554,0.689582936583508,0.653399352504285,0.751412429378531,0.554116676188663,0.23785945534184,0.545102520154891,0,0,0,0.732368437757887,0.186440677966102,0.17691868215578,0.391480987748365,0,0,0,0,-0.32495397702025,0.565923950993462,0,-0.27366215958865,0.60236145496096,0,0,0,0.310353583444423,-0.241795213610106,-0.284453754840348,-0.173236843775789,0,0.505237097695677,0,0,0,0,0,0,0,-0.353773884339491,0,0,0,0,0,0,-0.328001015679553,-0.213356186123278,0,-0.200660191709516,-0.31695550053958,0,0,0,0,0,0.191138195899194,-0.440233606297213,0,-0.267822002158319,0,-0.204088110201232,0,0,0,0,0,-0.191519075731607,-0.177172602044055,0,0,-0.190503396178506,0.43401256903447,0,0,0,0,-0.227194820034279,0,0,-0.181489240144734,0,0,0.448739922554434,-0.381324192217355,-0.355043483780867],[0,0,-0.172475084110963,0,0,0,0,0,0,0,-0.211324827017076,0,0,0,0,0,0,-0.18491715863645,-0.174887323049578,0,0,0,0,-0.184282358915762,-0.175014282993715,0,0,0,0,0,0,0,0,0,0,0,0,0,0,0,0,0,0,0,0.461181997079921,0,0,0,0,0,-0.209293467910874,0,0,0,0.167015806513045,0,0,0,0,0,0,0,0,0,0,0,0,0.513489494064623,0,0,0,0,0,0,0,0,0,0,0,0,0,0,0,0,0,0,0,0,0,0,0,0,0,0,0,0,0,0,0,0,0,0,0,0,0],[0,-0.187456357519203,0.521741890433568,-0.298419348695487,0,-0.238748174950803,-0.225798260648765,0,0,0,0.289405192661715,0.282422395734146,0,0,0,0.625595124738145,0,0.698470132673142,0.686155018091792,0.309845743667873,0.663937027867708,0.802704246810132,0.804227766139783,0.549546118199708,0.249539770202501,0.637783279375357,0.172348124166825,0.732368437757887,0,0,0.202183711039167,0.279756236907256,0.404684821938678,0,0,0,0,-0.322922617914048,0.552720116803149,0,-0.330794134450581,0.542436361328001,0,0,0,0.263124484225227,-0.268202881990732,-0.278613597410017,-0.228337459531518,0,0.376499714340126,0,-0.211451786961214,0,0,0,0,0,-0.263378404113502,0,0,0,0,0,0,-0.291436551767917,-0.276582238303815,0,-0.182885799530248,-0.321526058528534,0,0,0,0,0,0.208658668190186,-0.405954421380055,0,-0.238113375230115,0,-0.170062845172348,0,0,-0.206373389195709,0,0,0,-0.216022344950168,0,-0.216403224782581,-0.174506443217165,0.41953913540278,0,0,0,0,-0.170062845172348,0,0,-0.162953088300641,0,0,0.421824414397258,-0.36558115914429,-0.329397575065067],[0,0,0.259442645845236,0,0,-0.170443725004761,0,0,0,0,0,0,0,0,0,0.323430457690599,0,0,0,0,0,0.16460356757443,0.167904526122009,0.259061766012823,0,0,0.181997079921285,0.186440677966102,0,0.202183711039167,0,0,0,-0.192661715228845,-0.190757316066781,-0.183901479083349,0,-0.178188281597156,0,0,-0.357455722719482,0.245604011934235,-0.203199390592268,0,0,0,-0.291055671935504,0,0,0,0,0.244588332381134,0,0,0,0,0,0,0,0,0,0,0,0,0,-0.162191328635815,0,0,0,-0.261093125119025,0,0,0,0,0,0,-0.217799784168095,0,0,0,0,0,0,0,0,0,0,0,-0.185932838189551,-0.29130959182378,0,0,0,0,0,0,0,0,0,-0.172602044055101,0,0,0,-0.166507966736495,0],[0,-0.265536723163842,0,-0.329270615120929,0,0,-0.268075922046594,0,0,0,0,0,0.165873167015807,0.253729448359043,0,0.176283882435092,0,0.177807401764743,0,0,0.24585793182251,0.329524535009205,0.223893861486701,0,0,0.416746016631753,0,0.17691868215578,0,0.279756236907256,0,0,0.173236843775789,0,0,0,0,0,0,0,-0.214117945788104,0,0,0,0,0,0,0,0,0,0,0,-0.236970735732876,0,0,0,0,0.185171078524725,0,0,0,0,0,0,0,0,-0.217799784168095,0,0,0,0,0,0,0,0,0,0,0,0,0,0,0,0,-0.33244461372437,0,0,0,-0.169681965339935,0,-0.252840728750079,0,0,0,0,0.196470513552974,0,0,0,0,0,0,0,0.200533231765378,0,0],[-0.211197867072938,-0.167777566177871,0.254999047800419,0,0,0,0,0,0,0,0.171459404557862,0.206119469307434,0,-0.231003618358408,0,0.242810893163207,0,0.391607947692503,0.378784993334603,0,0.395162826128357,0.358217482384308,0.400114263949724,0.280010156795531,0.178315241541294,0.368501237859455,0,0.391480987748365,0,0.404684821938678,0,0.173236843775789,0,0.2741699993652,0,0,0,0,0.344886688249857,0,0,0.183520599250936,0,0,0,0,0,-0.219323303497746,-0.164730527518568,0,0.231384498190821,0,0,0,0,0,0,0,-0.23785945534184,-0.183012759474386,0,0,0,-0.279375357074843,0,-0.169935885228211,-0.176664762267505,0,0,0,0,0,-0.208150828413635,0,0,0,-0.258046086459722,0,-0.243064813051482,0,-0.21056306735225,0,0,0,-0.190757316066781,0,0,-0.182885799530248,0,0,-0.259950485621786,0.842696629213483,-0.209928267631562,0,0,0,-0.193804354726084,0,0,0,0,0,0.170570684948899,-0.229607058972894,-0.333841173109884],[0,0,0,0.281787596013458,0,0,0.291436551767917,-0.192534755284708,0,0,0,0,0,0,0,-0.204468990033644,0,0,0,0,0,0,0,0,0,0,0,0,0,0,-0.192661715228845,0,0.2741699993652,0,0,0,0,0.220465942994985,0,0,0.199390592268139,-0.211197867072938,0,0,0,0,0.176156922490954,0,0,0,0,0,0,0,0,0,0,0,0,0,0,0,0,-0.167523646289596,0,0,0,0,0,0.179203961150257,0,0,0,0,0,0,0,0,0,0,0,0,0,0,-0.175395162826128,0,0,0,0,0,-0.207008188916397,0.26617152288453,-0.19989843204469,0,0,0,0,0.167650606233733,0,0,0,0,0,0,0],[0.173490763664064,0.302989906684441,-0.247000571319749,0,0,0.70976956770139,0,0,0,0,0,0,0,0,0.223893861486701,-0.177172602044055,0,0,0,0,0,0,0,-0.167904526122009,0,0,-0.407477940709706,0,0,0,-0.190757316066781,0,0,0,0,0.199390592268139,0,0.201802831206754,0,0,0.184028439027487,0,0,0,0,-0.278867517298292,0.202945470703993,0,0,0,0,0,0,0,0,0,0,0,0,0,-0.245984891766648,0,-0.232400177743922,0,0,0.197994032882626,0,0,0,0,0,-0.224528661207389,0.167904526122009,-0.221227702659811,-0.213864025899829,0,0.179711800926808,0,0,0,0.211705706849489,0,0,0,0.179457881038532,0,0,0,0.255506887576969,0,0,0,0,0,0,0,0.510569415349457,0,0,0.84929854630864,0,0,0,0,0],[0,0,0,0,0,0,0,0,0,0,0,0,0,0,0.48314606741573,0,0,0,0,0,0,0,0,0,0,0,0,0,0,0,-0.183901479083349,0,0,0,0.199390592268139,0,0,0,0,0,0,0,0.18491715863645,0,0,0,0,0,0,0,0,-0.166888846568908,0,0,0,0,-0.183139719418523,0,0,0,0,0,-0.241795213610106,0,0,0,0,0,0,0,0,-0.218180664000508,0,-0.193804354726084,-0.188725956960579,0,0.182758839586111,0,0.427283691995176,0,0.531644766076303,0,0,0,0,0,0,0.244969212213547,0.213610106011553,0,0.17476036310544,0,0,0,0,0,0,0,0,0.17209420427855,0,0,0,0,0.36773947819463],[0,0,0,0,0,0,0,0,0,0,0,0,0,0,0,0,0,0,0,0,0,0,0,0,0,0,0,0,0,0,0,0,0,0,0,0,0,0,0,0,0,0,0,0,0,0,0,0,0,0,0,0,0,-0.198755792547451,0,-0.185551958357138,-0.192026915508157,0,0,0,0,0,0,0,0,0,0,0,0.177299561988193,0,0,0,0.242556973274932,0,0,0,0,0.188218117184028,0,-0.236462895956326,0,0,0,0,0,-0.216784104614994,0,0,0,0,0,0,0,0,0,0.280137116739669,0,0.284834634672761,0.187710277407478,0,0,0,0,0,0],[0,0,-0.336761251825049,0,0,0.247508411096299,0,0,0,0,-0.221735542436361,0,0,0,0,-0.369516917412556,0,-0.286231194058275,-0.291690471656192,-0.2228781819336,-0.271757760426585,-0.297022789309973,-0.317590300260268,-0.347045007300197,-0.21056306735225,-0.205484669586745,-0.213102266235003,-0.32495397702025,0,-0.322922617914048,-0.178188281597156,0,0,0.220465942994985,0.201802831206754,0,0,0,-0.272265600203136,0,0.360883641211198,-0.342982289087793,0,0,0,-0.231257538246683,0.290928711991367,0,0,0,-0.165619247127531,0,0,0,0.188852916904717,0,0,0,0,0,0,0,0,0,0,0.22021202310671,0.176156922490954,0,0,0.311496222941662,0,0,0,0,0,0,0.288008633276201,0,0,0,0.170189805116486,0,0,0,0,0,0,0,0,0.203326350536406,0,0,0,0,0,0,0,0,0,0.219196343553609,0,0,-0.165238367295118,0.219450263441884,0.195454833999873],[-0.332317653780232,0,0.426394972386212,-0.243953532660446,0,-0.231511458134958,-0.236589855900463,-0.174379483273027,0,0,0.360629721322923,0.319367739478195,0,-0.355170443725005,0,0.512981654288072,0,0.573414587697581,0.58471402272583,0.249031930425951,0.568082270043801,0.494826382276392,0.581159144289977,0.46714911445439,0.283691995175522,0.463721195962674,0.176791722211642,0.565923950993462,0,0.552720116803149,0,0,0.344886688249857,0,0,0,0,-0.272265600203136,0,0,-0.261854884783851,0.506252777248778,0,0.18009268075922,0.193931314670222,0.375484034787025,-0.248778010537675,-0.23303497746461,-0.215260585285343,0,0.404303942106266,0,0,0,0,0,0,-0.238621215006665,-0.398336824731797,0,-0.161683488859265,0.163333968133054,-0.285215514505174,0,0,-0.263886243890053,-0.230241858693582,0.185298038468863,0,-0.320637338919571,0,-0.287246873611376,0,-0.273535199644512,-0.288262553164477,0.174506443217165,-0.416999936520028,0,-0.168666285786834,0,0,0,0,0,0,0,-0.221354662603948,0,0,0,0,0.393766266742843,0,0,0,0,-0.168412365898559,0,0,0,0,0,0.394781946295944,-0.443407604900654,-0.213737065955691],[0,0,0,0,0,0,0,0,0,0,0,0,0,0,0,0,0,0,0,0,0,0,0,0,0,0,0,0,0,0,0,0,0,0,0,0,0,0,0,0,0,0,0,0,0,0,0,0,0,0,0,0,0,0,0,0,0,0,0,0,0,0,0,0,0,0,0,0,0,0,0,0,0,0,0,0,0,0,-0.253094648638355,0,-0.202818510759855,0.661778708817368,0.230749698470133,0,0,0,0,0,0,0,0,0,0,0,0,0,0,0,0,0,0,0,0,0,-0.171713324446137],[0,0.173871643496477,-0.314416301656827,0.168031486066146,0,0.181235320256459,0,0,0,0,-0.167904526122009,0,0,0,0,-0.3885609090332,0,-0.243826572716308,-0.218307623944645,0,-0.211832666793627,-0.336126452104361,-0.292960071097569,-0.317082460483717,-0.169935885228211,-0.227067860090142,-0.303243826572716,-0.27366215958865,0,-0.330794134450581,-0.357455722719482,-0.214117945788104,0,0.199390592268139,0.184028439027487,0,0,0.360883641211198,-0.261854884783851,0,0,-0.336380371992636,0,0,0,-0.275693518694852,0.436170888084809,0,0,0,0,0,0,0,0,0,0,0,0,0,0,0,0,0,0,0.237732495397702,0.283311115343109,0,0.175903002602679,0.415349457246239,0,0,0,0,0,0,0.299435028248588,0,0,0,0,0,0,0,0,0,0,0,0,0.272138640258998,0,0,0,0,0,0,0,0,0,0.177299561988193,0,0,0,0.23087665841427,0],[-0.175268202881991,0,0.617469688313337,-0.242810893163207,0,-0.330667174506443,-0.229099219196344,0,0,0,0.414841617469688,0.274550879197613,0,-0.257284326794896,0,0.764997143401257,0,0.536977083730083,0.551831397194185,0.237224655621152,0.492033263505364,0.49063670411985,0.556655875071415,0.611248651050594,0.298292388751349,0.375230114898749,0.195454833999873,0.60236145496096,0,0.542436361328001,0.245604011934235,0,0.183520599250936,-0.211197867072938,0,0,0,-0.342982289087793,0.506252777248778,0,-0.336380371992636,0,0,0.199771472100552,0.241541293721831,0.4398527264648,-0.303243826572716,-0.187202437630927,-0.209293467910874,0,0.375484034787025,0,0,0,-0.162318288579953,0,0,0,-0.324065257411287,0,0,0,-0.19240779534057,0,0,-0.26401320383419,-0.19507395416746,0.200152351932965,0,-0.37840411350219,0,-0.184282358915762,0,0,-0.167015806513045,0,-0.445312004062718,0,0,0,0,0,0,0,0,0,-0.199644512156415,0,0,0,0,0.236970735732876,0,0,0,0,0,0,0,-0.199263632324002,0,0,0.439090966799975,-0.369643877356694,-0.182377959753698],[-0.273916079476925,0,-0.163460928077192,0,0,0,0,0,0,0,0,0.261220085063163,0,0,0,0,-0.359106201993271,0,0,0,0,0,0,-0.177045642099917,0,0,-0.17742652193233,0,0,0,-0.203199390592268,0,0,0,0,0.18491715863645,0,0,0,0,0,0,0,0,0,0,0,0,0,0.258300006347997,0,-0.187964197295753,0,0,0,0,0,-0.170316765060623,-0.235320256459087,0,-0.25385640830318,0,-0.293594870818257,0,0,0,0,0,0,0,0.176664762267505,-0.293087031041706,0,-0.206500349139846,-0.273027359867962,0,0,0.407858820542119,0,0,0,0,0,0,0,0,0,0,0.26617152288453,0,0,0,0,0.297657589030661,0,0,0,0.368628197803593,0,0,-0.256649527074208,0,0,0,0],[0,0.19456611439091,0,0,0,0,0,-0.211197867072938,0,0,0.170443725004761,0.213229226179141,0,-0.21272138640259,0,0.167396686345458,0,0,0,0.16676188662477,0,0,0,0,0,0,0,0,0,0,0,0,0,0,0,0,0,0,0.18009268075922,0,0,0.199771472100552,0,0,0,0.179965720815083,0,0,-0.167523646289596,0.219704183330159,0.194820034279185,0,0,-0.199517552212277,0,-0.265282803275567,0,0,-0.262489684504539,0,-0.2228781819336,0,0,0,0,0,0,0,0,0,0,-0.212086586681902,0,0,0,0,-0.198882752491589,0,0,0,0,0,0,0,0,0,-0.239636894559766,0,0,0,0,0,0.265917602996255,0,0,0,0,0,0,0,0,0,0,0,0],[-0.190503396178506,0,0,0,0,-0.213864025899829,0,0,0,0,0,0,0,-0.283945915063797,0,0.168793245730972,0,0,0,0,0,0,0,0,0,0,0,0,0.461181997079921,0,0,0,0,0,0,0,0,0,0.193931314670222,0,0,0.241541293721831,0,0,0,0.182377959753698,0,0,0,0,0,0,0,0,0,0,0,0,-0.284961594616898,0,-0.201421951374341,0,-0.208658668190186,0,0,0,0,0.688694216974545,0,0,0,-0.209928267631562,0,0,0,0,-0.199263632324002,0,0,0,0,0,0,0,0,0,0,0,0,0,0,0,0,0,0,0,-0.17209420427855,0,0,0,0,0,0.188979876848854,-0.178442201485431,0],[-0.344124928585031,-0.198374912715038,0.449628642163397,0,0,-0.414968577413826,0,0,0,0,0.40671618104488,0.188218117184028,0,-0.27099600076176,0,0.388180029200787,0,0.275439598806577,0.273027359867962,0,0.299561988192725,0.229607058972894,0.277343997968641,0.41369897797245,0.332571573668508,0.224401701263251,0.496349901606043,0.310353583444423,0,0.263124484225227,0,0,0,0,-0.278867517298292,0,0,-0.231257538246683,0.375484034787025,0,-0.275693518694852,0.4398527264648,0,0.179965720815083,0.182377959753698,0,-0.295118390147908,0,0,0,0.225163460928077,0,0,0,0,0,0,0,-0.202437630927442,0,0,0,-0.180727480479909,0,0,-0.223639941598426,0,0.167396686345458,0,-0.333968133054022,0,-0.16193740874754,0,0,0,0,-0.337903891322288,0,0,0,0,0,0,0,0,0,-0.175014282993715,0,0,0,0,0,0.21272138640259,0,0,0,-0.225163460928077,0,0,-0.325461816796801,0,0,0.220973782771536,-0.288389513108614,0],[0.16409572779788,0.190757316066781,-0.321653018472672,0,0,0.224528661207389,0,-0.216276264838443,0,0,-0.219069383609471,0,0,0,0,-0.352123405065702,0,-0.190630356122643,-0.190503396178506,0,-0.185551958357138,-0.243572652828033,-0.245096172157684,-0.337015171713325,-0.217291944391544,-0.164984447406843,-0.327239256014727,-0.241795213610106,0,-0.268202881990732,-0.291055671935504,0,0,0.176156922490954,0.202945470703993,0,0,0.290928711991367,-0.248778010537675,0,0.436170888084809,-0.303243826572716,0,0,0,-0.295118390147908,0,0,0,0,0,0,0,0,0,0,0,0,0,0,0,0,0,0,0,0.196470513552974,0.211578746905351,0,0,0.857804862565861,0,0,0,0,0,0,0.265282803275567,0,0,0,0,0,0,0,0,0,0,0,0.172982923887513,0,0,0,0,0,0,-0.189106836792992,0,0,0,0.218815463721196,0,0,0,0.229480099028756,0],[0,0,-0.204342030089507,0,0,0,0,0,0,0,-0.170062845172348,-0.280391036627944,0,0,0,-0.178696121373707,0,-0.31479718148924,-0.305783025455469,-0.185678918301276,-0.270361201041072,-0.285977274169999,-0.282676315622421,-0.209293467910874,0,-0.251825049196978,0,-0.284453754840348,0,-0.278613597410017,0,0,-0.219323303497746,0,0,0,0,0,-0.23303497746461,0,0,-0.187202437630927,0,0,0,0,0,0,0,0,-0.240652574112867,0.17209420427855,0.163460928077192,0,0,0,0,0,0.198120992826763,0,0,0,0,0,0,0,0,0,0,0,0,0,0,0,0,0,0,0,0,-0.163841807909605,0,0,0,0,0,0,0,0,0,0,0,-0.230114898749445,0,0,0,0,0,0,0,0,0,0,-0.200152351932965,0,0],[0,0,-0.179711800926808,0,-0.186567637910239,0,0,0,0,0,-0.262235764616264,0,0,0.193804354726084,0,-0.215260585285343,0,-0.247762330984574,-0.235955056179775,0,-0.188345077128166,-0.218942423665334,-0.239509934615629,-0.247381451152162,-0.251063289532153,-0.168285405954421,0,-0.173236843775789,0,-0.228337459531518,0,0,-0.164730527518568,0,0,0,0,0,-0.215260585285343,0,0,-0.209293467910874,0,-0.167523646289596,0,0,0,0,0,0,0,0.173109883831651,0,0.178569161429569,0,0.2357011362915,0,0,0,0,0.200660191709516,0,0.211197867072938,0.205865549419158,0,0,0.300196787913413,0,0,0,0,0.249285850314226,0,0.223639941598426,0.184790198692313,-0.210943947184663,0.210182187519837,0,0,0.203834190312956,0,0,0,0,0,0,0,0,0,0,0,-0.200914111597791,0,0,0,0,0,0,0,0,0,0,-0.233161937408748,0.171586364502,0],[-0.206373389195709,0,0,0,0,0,0,-0.201294991430204,0,0,0,0.258934806068685,0,0,0,0,-0.182885799530248,0,0,0,0,0,0,0,0,0,0,0,0,0,0,0,0,0,0,0,0,0,0,0,0,0,0.258300006347997,0.219704183330159,0,0,0,0,0,0,0.187202437630927,0,0,0,0,0,-0.182885799530248,0,-0.238113375230115,0,-0.241414333777693,0,-0.264394083666603,0,0,0,0,0,0,0,0,-0.27150384053831,0,-0.212340506570177,-0.23519329651495,0,0,0.216911064559132,0,0,0,0,0,0,0,0,-0.241668253665968,0,0.213864025899829,0,0,0,0,0,0,0,0,0.254872087856281,0,0,0,0,0,0,0],[0,0,0.35809052244017,0,0,-0.205357709642608,0,-0.200533231765378,0,0,0.284453754840348,0.412302418586936,0,-0.336634291880912,0,0.334475972830572,0,0.508665016187393,0.520472290992192,0.250301529867327,0.465498635180601,0.33993525042849,0.473497111661271,0.357455722719482,0.181870119977147,0.339300450707802,0,0.505237097695677,-0.209293467910874,0.376499714340126,0,0,0.231384498190821,0,0,0,0,-0.165619247127531,0.404303942106266,0,0,0.375484034787025,0,0.194820034279185,0,0.225163460928077,0,-0.240652574112867,0,0.187202437630927,0,0,0,0,0,0,0,-0.197486193106075,-0.382339871770456,0,0,0.172475084110963,-0.256268647241795,0,0,-0.204976829810195,0,0,0,0,0,-0.308068304449946,0,-0.218688503777058,-0.263886243890053,0.177807401764743,-0.311369262997524,0,-0.199644512156415,0,0,0,0,0,0,0,-0.264521043610741,0,0,0,0,0.30464038595823,0,0,0,0,-0.181616200088872,0,0,0,0,0,0.389957468418714,-0.243572652828033,-0.254618167968006],[0,0,0,0,0,0,0,0,0,0,0,-0.200533231765378,0,0,0,0,0,0,0,0,0,0,0,0,0,0,0,0,0,0,0.244588332381134,0,0,0,0,-0.166888846568908,0,0,0,0,0,0,-0.187964197295753,0,0,0,0,0.17209420427855,0.173109883831651,0,0,0,0,0,0,0.164730527518568,0,0,0,0,0,0,0,0,0,0,0,0,0,0,0,0,0,0,0,-0.186186758077826,0,0,0,0,0,0,0,0,0,0,0,0,-0.188725956960579,0,0,0,0,0,0,0,0,0,0,0,0,0,0,0,0],[0,0,0,0.168793245730972,0,0,0,0,0,0,0,0,0,0,0,0,0,0,0,0,-0.181616200088872,-0.203326350536406,-0.172855963943376,0,0,-0.235447216403225,0,0,0,-0.211451786961214,0,-0.236970735732876,0,0,0,0,0,0,0,0,0,0,0,0,0,0,0,0.163460928077192,0,0,0,0,0,0,0,0,0,0,0,0,0,0,0,0,0,0,0,0,0,0,0,0,0,0,0,0,0,0,0,0,0,0,0,0,0,0,0,0,0,0.204595949977782,0,0,0,0,0,0,0,0,0,0,0,0,0,0,0],[0,0,0,0.194058274614359,0,0,0.227067860090142,0,0,-0.22554434076049,0,0,0,0,0,0,0,0,0,0,0,0,0,0,0,0,0,0,0,0,0,0,0,0,0,0,-0.198755792547451,0,0,0,0,0,0,-0.199517552212277,0,0,0,0,0.178569161429569,0,0,0,0,0,0,0.801942487145306,0.367612518250492,0,0,0,0.186186758077826,0,0,0.192661715228845,0.267441122325906,0,0.198374912715038,0,0,0,0,0,-0.215006665397067,0,0,0,0,0,0,0.361010601155336,0,0,0,0,0,0.285469434393449,0,0,0,0,0,0,0,0,0,-0.235320256459087,-0.287754713387926,0,0,0,0,0,0,0.221100742715673,-0.190630356122643],[0,0,-0.224655621151527,0,0,0,0,0,0,0,-0.177680441820606,0,0,0,0,0,0,0,0,0,0,0,0,-0.175268202881991,0,0,0,0,0.167015806513045,0,0,0,0,0,0,0,0,0.188852916904717,0,0,0,-0.162318288579953,0,0,0,0,0,0,0,0,0,0,0,0,0,0,0,0,0,0,0,0,0,0,0,0,0,0,0,0,0,0,-0.192915635117121,0,0,0,0,0,0,0,0,0,0,0,0,0,0,0,0,0,0,0,0,0,0,0,0,0,0,0,0,0.193423474893671,0,0,0],[0,0,0,0.220973782771536,0,0,0.259315685901098,0,0,-0.208531708246048,-0.168539325842697,0,0,0,0,0,0,0,0,0,0,0,0,0,-0.181235320256459,0,0,0,0,0,0,0,0,0,0,0,-0.185551958357138,0,0,0,0,0,0,-0.265282803275567,0,0,0,0,0.2357011362915,0,0,0.164730527518568,0,0.801942487145306,0,0,0.350853805624326,0,0,0,0.254237288135593,0,0,0.166000126959944,0.236462895956326,0,0.237986415285977,0,0,0,0,0,-0.215006665397067,0,0,-0.163207008188916,0,0,0,0.384879070653209,0,0,0,0,0,0.258300006347997,0,0,0,0,0,0,0,0,0,-0.204088110201232,-0.264901923443154,0,0,0,0,0,0,0.276709198247953,0],[0,0,0,0,0,0,0,0,0,0,0,0,0,0,-0.171840284390275,0,0,0,0,0,0,0,0,0,0,0,0,0,0,0,0,0,0,0,0,-0.183139719418523,-0.192026915508157,0,0,0,0,0,0,0,0,0,0,0,0,-0.182885799530248,0,0,0,0.367612518250492,0,0.350853805624326,0,0,0,0,0.206373389195709,0,0,0,0,0,0,0,0,0,0,0,0,0,0,0,0,0,0,0.617596648257475,-0.211959626737764,0,0,0,0,0.41103281914556,0,0,-0.166634926680632,0,0,0,0,0,0,-0.172982923887513,0,0,0,0,0,0,0,0,-0.163587888021329],[0.231638418079096,0,0,0,-0.212467466514315,0,0,0.188725956960579,0,0,0,-0.192534755284708,0,0.320256459087158,0,0,0,-0.219323303497746,-0.216403224782581,0,-0.162191328635815,0,-0.162826128356504,0,0,0,0,0,0,0,0,0.185171078524